!FRM4SOC_CP
!RADCAL
# radiometric calibration coefs & linearity, lamp and panel data

# comments start with # (ignored by the processor)
# no empty lines between the parameter signatures in [] and the parameter values
# parameters are case insensitive
# parameters can be inserted in any order, except the first two signatures
# columns are tab- or space-delimited

[VERSION]
0.1

[CALDATE]
2026-03-20 08:06:55

[CALLAB]
Tartu Observatory

[USER]
Riho Vendt

[LAMP_ID]
TO_7

[PANEL_ID]
SG3151/1

[DEVICE]
SAM_8727

# Correlated color temperature (K)
[LAMP_CCT]
2977.5

# wavelength (nm)	bandwidth (nm)	irradiance (mW/m2/nm)	uncertainty (%, k=2)
[LAMPDATA]
300.00	0.00	1.3608	1.50
310.00	0.00	1.9372	1.50
320.00	0.00	2.6358	1.50
330.00	0.00	3.5407	1.40
340.00	0.00	4.6380	1.40
350.00	0.00	5.9914	1.30
360.00	0.00	7.6027	1.30
370.00	0.00	9.4767	1.30
380.00	0.00	11.6461	1.30
390.00	0.00	14.1614	1.30
400.00	0.00	16.9229	1.20
410.00	0.00	19.9376	1.20
420.00	0.00	23.2677	1.20
430.00	0.00	26.8840	1.20
440.00	0.00	30.7867	1.20
450.00	0.00	35.0344	1.20
460.00	0.00	39.4359	1.20
470.00	0.00	44.1128	1.20
480.00	0.00	48.9542	1.20
490.00	0.00	54.0952	1.20
500.00	0.00	59.2452	1.20
510.00	0.00	64.6754	1.20
520.00	0.00	69.9903	1.20
530.00	0.00	75.6024	1.20
540.00	0.00	81.1717	1.20
550.00	0.00	86.8574	1.20
560.00	0.00	92.5627	1.20
570.00	0.00	98.1045	1.20
580.00	0.00	103.8197	1.20
590.00	0.00	109.4881	1.20
600.00	0.00	114.8400	1.20
610.00	0.00	120.2473	1.20
620.00	0.00	125.5000	1.20
630.00	0.00	130.7785	1.20
640.00	0.00	135.7258	1.20
650.00	0.00	140.4710	1.20
660.00	0.00	145.4703	1.20
670.00	0.00	149.9922	1.20
680.00	0.00	154.2653	1.20
690.00	0.00	158.5131	1.20
700.00	0.00	162.6457	1.20
710.00	0.00	166.4744	1.20
720.00	0.00	170.1194	1.20
730.00	0.00	173.4370	1.20
740.00	0.00	176.6738	1.20
750.00	0.00	179.7362	1.20
760.00	0.00	182.6709	1.20
770.00	0.00	185.3328	1.20
780.00	0.00	187.6319	1.20
790.00	0.00	189.9388	1.20
800.00	0.00	192.0141	1.20
810.00	0.00	193.9241	1.20
820.00	0.00	195.5564	1.20
830.00	0.00	197.0500	1.20
840.00	0.00	198.4559	1.20
850.00	0.00	199.6272	1.20
860.00	0.00	200.6580	1.20
870.00	0.00	201.4082	1.20
880.00	0.00	202.1077	1.20
890.00	0.00	202.6360	1.20
900.00	0.00	203.0186	1.20
910.00	0.00	203.2563	1.20
920.00	0.00	203.4473	1.20
930.00	0.00	203.4458	1.20
940.00	0.00	203.3470	1.20
950.00	0.00	203.1248	1.20
960.00	0.00	202.7085	1.20
970.00	0.00	202.2934	1.20
980.00	0.00	201.7270	1.20
990.00	0.00	202.1353	1.30
1000.00	0.00	202.4295	1.30
[END_OF_LAMPDATA]

[AMBIENT_TEMP]
21.0

# pixel no	wavelength (nm)	irradiance responsivity (unit depends on the device class)	uncertainty (%, k=2)	dark1	dark2 (content depends on the instrument class)	raw1	stdev1	raw2	stdev2
[CALDATA]
0	302.55	5	0.00	12	0.000000	128	0.00	64	0.00
1	305.87	0.032409	21.56	0.018975	0.022402	55.30	1.36	55.53	2.91
2	309.19	0.037284	15.16	0.018870	0.022518	70.50	1.09	71.23	2.65
3	312.52	0.050332	12.50	0.018860	0.022736	94.30	0.96	101.23	3.30
4	315.84	0.052771	11.29	0.018839	0.022567	123.15	1.23	124.43	3.43
5	319.17	0.059531	10.36	0.018864	0.022726	154.30	0.86	155.53	3.96
6	322.49	0.063562	7.30	0.018865	0.022612	186.60	0.89	185.83	3.22
7	325.82	0.070182	5.17	0.018882	0.022698	218.50	1.13	222.03	2.63
8	329.15	0.069973	5.35	0.018874	0.022854	257.65	1.20	252.63	3.04
9	332.48	0.075531	3.00	0.018868	0.022563	301.90	0.67	297.63	1.65
10	335.80	0.085485	3.26	0.018848	0.022364	351.00	0.96	357.23	2.36
11	339.13	0.089774	2.85	0.018861	0.022690	417.20	1.29	417.03	2.14
12	342.46	0.100025	3.98	0.018841	0.022800	496.15	0.99	501.53	4.42
13	345.80	0.107579	2.76	0.018853	0.022625	596.60	0.99	595.33	3.01
14	349.13	0.120233	2.28	0.018847	0.022492	715.75	0.90	718.83	2.52
15	352.46	0.132578	2.18	0.018869	0.022694	855.35	1.11	859.63	2.62
16	355.79	0.142991	2.18	0.018850	0.022818	1019.00	1.25	1014.13	3.11
17	359.13	0.156466	1.93	0.018868	0.022387	1188.95	0.97	1191.43	2.31
18	362.46	0.165482	1.91	0.018845	0.022510	1359.05	1.12	1360.63	2.38
19	365.80	0.172393	1.90	0.018852	0.022599	1514.05	1.19	1521.03	2.74
20	369.14	0.172913	1.87	0.018847	0.022740	1641.75	1.13	1644.53	2.79
21	372.47	0.171113	1.89	0.018864	0.022503	1747.95	0.82	1748.83	3.18
22	375.81	0.168605	1.88	0.018843	0.022554	1832.05	1.07	1839.83	3.33
23	379.15	0.163703	1.83	0.018864	0.022506	1912.95	0.96	1916.13	2.92
24	382.49	0.160386	1.88	0.018833	0.022633	2001.55	0.93	2006.03	3.68
25	385.83	0.158312	1.76	0.018863	0.022671	2107.05	0.78	2113.13	1.92
26	389.16	0.157026	1.77	0.018838	0.022786	2237.75	0.89	2239.53	2.50
27	392.51	0.158681	1.80	0.018857	0.022783	2398.95	0.90	2403.93	3.63
28	395.85	0.160999	1.70	0.018842	0.022631	2584.00	1.00	2589.43	2.33
29	399.19	0.164382	1.70	0.018861	0.022388	2795.55	1.15	2802.23	3.45
30	402.53	0.169355	1.67	0.018846	0.022809	3045.30	1.04	3053.83	3.30
31	405.87	0.176667	1.66	0.018862	0.022715	3351.15	1.15	3363.33	3.19
32	409.22	0.185574	1.65	0.018853	0.022918	3716.10	1.24	3728.93	3.87
33	412.56	0.195746	1.63	0.018856	0.022714	4139.20	1.35	4150.43	3.09
34	415.90	0.207959	1.63	0.018837	0.022589	4630.35	1.06	4643.63	3.59
35	419.25	0.221479	1.61	0.018865	0.022728	5190.05	1.08	5203.93	3.39
36	422.59	0.235877	1.61	0.018847	0.022633	5813.30	1.04	5826.63	3.61
37	425.94	0.250585	1.60	0.018853	0.022538	6480.85	1.21	6496.83	2.77
38	429.28	0.264640	1.59	0.018847	0.022742	7175.95	0.97	7194.23	2.89
39	432.63	0.277513	1.59	0.018870	0.022611	7878.20	1.17	7901.03	2.84
40	435.98	0.287876	1.59	0.018845	0.022781	8553.65	1.19	8578.33	2.94
41	439.32	0.295494	1.59	0.018859	0.022732	9191.20	1.27	9212.13	4.22
42	442.67	0.300628	1.59	0.018850	0.022680	9772.10	1.41	9795.23	3.70
43	446.02	0.303118	1.58	0.018849	0.022680	10274.20	1.12	10306.73	2.74
44	449.37	0.302058	1.57	0.018854	0.022662	10691.70	1.20	10721.13	2.65
45	452.72	0.298290	1.57	0.018873	0.022761	11009.30	1.43	11034.23	2.79
46	456.06	0.293062	1.57	0.018843	0.022809	11233.50	1.25	11269.93	2.74
47	459.41	0.285594	1.56	0.018864	0.022726	11394.00	1.61	11424.73	2.87
48	462.76	0.277920	1.57	0.018853	0.022487	11517.30	1.29	11550.83	2.96
49	466.11	0.270096	1.56	0.018877	0.022667	11626.60	1.21	11658.53	2.48
50	469.46	0.263290	1.56	0.018838	0.022755	11755.85	1.27	11789.83	3.05
51	472.81	0.257775	1.56	0.018857	0.022449	11915.65	1.29	11957.03	3.25
52	476.16	0.253225	1.56	0.018841	0.022870	12128.60	1.47	12167.53	3.00
53	479.51	0.250356	1.56	0.018855	0.022740	12420.05	1.56	12454.33	2.93
54	482.87	0.248849	1.56	0.018850	0.022754	12768.50	1.36	12806.73	2.66
55	486.22	0.247674	1.55	0.018853	0.022880	13134.25	1.48	13177.43	3.06
56	489.57	0.246017	1.55	0.018844	0.022789	13468.50	1.43	13519.63	3.32
57	492.92	0.243728	1.55	0.018878	0.022546	13778.90	1.40	13825.83	3.19
58	496.27	0.241820	1.55	0.018857	0.022573	14082.20	1.45	14136.73	3.32
59	499.62	0.240769	1.55	0.018861	0.022596	14435.70	1.29	14497.03	2.77
60	502.98	0.240578	1.55	0.018846	0.022695	14870.85	1.31	14930.33	3.51
61	506.33	0.241980	1.55	0.018863	0.022575	15388.10	1.15	15458.03	3.29
62	509.68	0.244143	1.55	0.018845	0.022590	16002.05	1.81	16063.63	3.18
63	513.04	0.247953	1.54	0.018853	0.022774	16689.00	1.90	16758.93	3.71
64	516.39	0.252880	1.54	0.018838	0.022414	17452.20	1.89	17538.43	3.35
65	519.74	0.258150	1.54	0.018866	0.022835	18303.25	1.81	18384.03	4.06
66	523.09	0.264365	1.54	0.018852	0.022750	19226.00	1.75	19320.33	3.18
67	526.45	0.270997	1.54	0.018866	0.022820	20222.05	1.61	20322.93	3.02
68	529.80	0.278602	1.54	0.018839	0.022740	21303.10	1.79	21419.63	2.91
69	533.15	0.286120	1.54	0.018860	0.022696	22412.65	2.22	22538.23	3.34
70	536.51	0.293208	1.54	0.018852	0.022703	23528.45	2.20	23657.23	3.38
71	539.86	0.300241	1.54	0.018868	0.022693	24627.75	2.23	24779.83	3.42
72	543.22	0.305620	1.54	0.018852	0.022870	25651.10	2.33	25812.53	3.82
73	546.57	0.309735	1.54	0.018851	0.022748	26588.55	2.20	26758.53	3.88
74	549.92	0.312295	1.54	0.018850	0.022922	27405.25	2.06	27583.43	2.87
75	553.28	0.313161	1.54	0.018860	0.022655	28076.35	2.64	28264.23	3.00
76	556.63	0.312477	1.54	0.018840	0.022765	28608.80	2.66	28805.53	3.44
77	559.98	0.310401	1.54	0.018863	0.022704	29006.85	2.27	29212.23	3.18
78	563.34	0.307144	1.54	0.018852	0.022751	29279.10	2.42	29487.03	3.96
79	566.69	0.303398	1.54	0.018866	0.022516	29471.00	2.02	29690.63	4.17
80	570.04	0.298688	1.54	0.018855	0.022741	29580.95	2.32	29797.03	3.60
81	573.40	0.293005	1.54	0.018860	0.022870	29589.50	1.98	29803.93	4.07
82	576.75	0.286990	1.54	0.018851	0.022740	29522.30	2.01	29743.83	2.76
83	580.10	0.280502	1.54	0.018862	0.022776	29397.85	2.31	29617.43	2.56
84	583.46	0.273656	1.54	0.018840	0.022745	29209.70	2.29	29426.43	2.79
85	586.81	0.266679	1.54	0.018865	0.022792	28972.10	1.95	29189.23	3.64
86	590.16	0.259319	1.54	0.018853	0.022933	28674.90	2.48	28885.73	3.18
87	593.51	0.251741	1.54	0.018863	0.023076	28284.95	2.24	28498.33	3.31
88	596.87	0.243770	1.54	0.018837	0.022829	27829.70	2.40	28040.03	4.35
89	600.22	0.235717	1.54	0.018872	0.022981	27347.35	2.27	27547.63	3.66
90	603.57	0.228493	1.54	0.018854	0.022574	26926.20	2.22	27125.23	3.70
91	606.92	0.222878	1.54	0.018875	0.022782	26681.80	1.97	26874.03	3.55
92	610.28	0.218927	1.54	0.018866	0.022936	26597.30	2.06	26793.43	4.11
93	613.63	0.215821	1.54	0.018860	0.022786	26601.95	2.15	26800.23	3.67
94	616.98	0.213463	1.54	0.018850	0.022588	26697.55	2.55	26892.83	3.21
95	620.33	0.212119	1.54	0.018868	0.022963	26875.85	2.11	27086.73	3.82
96	623.68	0.211475	1.54	0.018852	0.022513	27167.55	2.00	27384.03	3.88
97	627.03	0.211570	1.54	0.018856	0.022609	27549.10	2.45	27772.43	3.74
98	630.38	0.211847	1.54	0.018841	0.022700	27952.00	2.10	28181.53	3.96
99	633.73	0.212023	1.54	0.018867	0.022754	28328.65	1.95	28563.23	5.34
100	637.08	0.211561	1.54	0.018847	0.022945	28596.45	2.06	28845.03	3.71
101	640.43	0.209680	1.54	0.018865	0.022659	28696.10	2.03	28941.13	3.55
102	643.78	0.206660	1.54	0.018857	0.022797	28628.95	2.43	28867.23	3.64
103	647.13	0.203065	1.54	0.018870	0.022705	28451.90	2.24	28690.53	3.27
104	650.48	0.199363	1.54	0.018854	0.022651	28239.80	1.86	28482.73	3.41
105	653.82	0.195591	1.55	0.018867	0.022647	28051.75	2.47	28286.03	3.88
106	657.17	0.192100	1.55	0.018849	0.022592	27872.45	1.98	28106.23	4.17
107	660.52	0.188342	1.55	0.018872	0.022857	27651.45	2.19	27876.43	4.82
108	663.87	0.184513	1.55	0.018851	0.022661	27360.15	1.92	27589.73	3.20
109	667.21	0.180033	1.55	0.018866	0.022467	26983.85	2.43	27203.03	3.38
110	670.56	0.175817	1.55	0.018859	0.022705	26626.45	2.19	26837.03	3.19
111	673.90	0.172859	1.55	0.018864	0.022688	26424.70	1.85	26636.73	3.25
112	677.25	0.170584	1.55	0.018851	0.022515	26319.40	1.98	26531.93	2.89
113	680.59	0.168678	1.55	0.018865	0.022667	26258.30	1.94	26474.03	2.39
114	683.94	0.166899	1.55	0.018852	0.022729	26222.45	1.96	26438.23	3.49
115	687.28	0.165221	1.56	0.018873	0.022790	26202.60	2.26	26414.13	3.13
116	690.63	0.163540	1.56	0.018853	0.022616	26156.00	2.23	26372.63	4.10
117	693.97	0.161919	1.56	0.018860	0.022767	26127.55	2.06	26342.53	2.80
118	697.31	0.160329	1.56	0.018853	0.022529	26107.85	2.09	26315.33	2.65
119	700.65	0.158925	1.56	0.018874	0.022496	26092.45	2.18	26301.23	3.65
120	703.99	0.157829	1.56	0.018838	0.022667	26106.85	2.20	26321.83	3.09
121	707.33	0.156980	1.56	0.018875	0.022786	26158.30	1.66	26378.63	3.79
122	710.67	0.156236	1.57	0.018851	0.022773	26231.20	2.13	26452.33	2.94
123	714.01	0.155763	1.57	0.018880	0.022494	26351.00	2.08	26570.33	3.03
124	717.35	0.155490	1.57	0.018859	0.022845	26472.35	1.91	26704.03	3.10
125	720.69	0.155083	1.57	0.018860	0.022554	26589.05	2.49	26820.93	3.87
126	724.03	0.154824	1.57	0.018843	0.022547	26713.10	1.95	26949.63	3.88
127	727.37	0.154274	1.57	0.018864	0.022639	26806.75	1.95	27035.23	3.79
128	730.70	0.153652	1.58	0.018864	0.022915	26848.40	1.85	27086.63	3.20
129	734.04	0.152685	1.58	0.018870	0.022564	26854.95	2.08	27089.73	3.17
130	737.37	0.151461	1.58	0.018850	0.022520	26808.35	2.36	27040.23	2.94
131	740.71	0.150127	1.58	0.018872	0.022878	26720.05	2.10	26957.03	3.28
132	744.04	0.148678	1.58	0.018851	0.022759	26619.30	1.94	26854.53	2.90
133	747.37	0.147140	1.59	0.018867	0.022797	26494.40	1.95	26728.43	2.48
134	750.71	0.145532	1.59	0.018862	0.022834	26356.90	1.92	26586.73	3.59
135	754.04	0.144094	1.59	0.018860	0.022569	26238.00	2.41	26468.23	4.85
136	757.37	0.142567	1.59	0.018852	0.022689	26100.30	1.96	26328.93	3.81
137	760.70	0.141040	1.60	0.018867	0.022646	25953.90	2.15	26181.83	2.99
138	764.03	0.139502	1.60	0.018854	0.022393	25804.85	2.23	26027.83	3.51
139	767.36	0.137927	1.60	0.018878	0.022632	25641.60	2.16	25860.23	3.21
140	770.69	0.136383	1.60	0.018862	0.022459	25463.60	1.86	25684.53	3.63
141	774.01	0.134671	1.61	0.018872	0.022788	25251.85	1.84	25470.03	2.84
142	777.34	0.132742	1.61	0.018855	0.022633	24997.40	2.61	25210.53	3.35
143	780.67	0.130554	1.61	0.018874	0.022738	24687.90	1.99	24896.43	4.66
144	783.99	0.128066	1.62	0.018847	0.022847	24312.15	2.18	24520.73	3.27
145	787.31	0.125232	1.62	0.018867	0.022716	23868.85	1.72	24074.43	3.08
146	790.64	0.122107	1.62	0.018858	0.022690	23390.80	2.18	23578.63	3.19
147	793.96	0.119051	1.63	0.018871	0.022515	22884.15	1.87	23070.93	3.16
148	797.28	0.115830	1.63	0.018837	0.023123	22359.60	2.25	22534.73	2.85
149	800.60	0.112857	1.63	0.018861	0.022826	21838.80	1.85	22021.33	2.99
150	803.92	0.109761	1.64	0.018851	0.022536	21326.80	1.82	21497.33	2.78
151	807.24	0.106643	1.64	0.018868	0.022763	20804.75	2.03	20962.93	3.98
152	810.56	0.103732	1.64	0.018864	0.023001	20300.55	2.27	20454.63	3.16
153	813.87	0.100818	1.65	0.018871	0.022777	19782.80	1.75	19935.13	2.25
154	817.19	0.097742	1.65	0.018851	0.022639	19244.30	1.49	19386.43	3.45
155	820.50	0.094692	1.66	0.018873	0.022833	18699.55	1.58	18834.53	4.31
156	823.82	0.091510	1.66	0.018858	0.022591	18126.90	1.88	18253.43	2.54
157	827.13	0.088303	1.67	0.018857	0.022481	17520.60	1.72	17650.53	3.74
158	830.44	0.084854	1.67	0.018850	0.022254	16893.25	1.65	17010.23	2.60
159	833.75	0.081352	1.68	0.018864	0.022946	16249.40	1.47	16355.03	3.50
160	837.06	0.077870	1.68	0.018845	0.022579	15588.35	1.89	15690.63	3.04
161	840.37	0.074334	1.68	0.018860	0.022845	14916.95	1.46	15013.13	3.04
162	843.68	0.070950	1.69	0.018856	0.022751	14260.65	1.23	14355.83	3.28
163	846.99	0.067477	1.70	0.018867	0.022749	13612.05	1.38	13691.13	3.37
164	850.29	0.064323	1.70	0.018850	0.022673	12995.55	1.35	13073.13	4.16
165	853.60	0.061318	1.71	0.018866	0.022569	12410.00	1.36	12484.43	3.24
166	856.90	0.058443	1.71	0.018864	0.022546	11856.85	1.25	11923.53	3.25
167	860.21	0.055848	1.72	0.018870	0.022507	11352.65	1.26	11414.33	3.67
168	863.51	0.053452	1.73	0.018856	0.022747	10879.25	1.23	10938.73	3.36
169	866.81	0.051232	1.73	0.018858	0.022737	10438.15	1.22	10496.23	2.83
170	870.11	0.049203	1.74	0.018858	0.022809	10041.30	1.25	10094.63	2.20
171	873.41	0.047309	1.75	0.018878	0.022776	9667.05	1.32	9718.23	3.79
172	876.70	0.045557	1.76	0.018846	0.022994	9322.05	1.59	9370.13	4.19
173	880.00	0.043990	1.76	0.018856	0.022811	9005.70	1.30	9054.83	3.15
174	883.29	0.042444	1.76	0.018856	0.022591	8702.65	1.22	8747.43	2.73
175	886.59	0.040912	1.77	0.018870	0.022601	8413.60	1.36	8447.93	3.01
176	889.88	0.039554	1.78	0.018866	0.022617	8130.45	1.01	8168.73	2.27
177	893.17	0.038175	1.79	0.018873	0.022773	7844.55	1.42	7885.53	2.73
178	896.46	0.036805	1.79	0.018846	0.022755	7570.45	1.15	7608.63	2.57
179	899.75	0.035402	1.81	0.018850	0.022487	7288.25	1.31	7323.83	3.34
180	903.03	0.033979	1.82	0.018843	0.022743	7007.95	1.30	7037.43	3.40
181	906.32	0.032640	1.82	0.018861	0.022758	6726.50	1.05	6758.73	3.22
182	909.61	0.031206	1.83	0.018863	0.022833	6441.45	0.95	6468.13	2.58
183	912.89	0.029859	1.84	0.018858	0.022620	6164.80	1.04	6190.73	3.30
184	916.17	0.028560	1.85	0.018849	0.022553	5892.75	0.94	5920.43	3.01
185	919.45	0.027220	1.86	0.018866	0.022338	5627.70	1.27	5649.03	3.29
186	922.73	0.026027	1.87	0.018851	0.022451	5376.95	1.03	5399.73	3.15
187	926.01	0.024839	1.88	0.018855	0.022643	5135.05	1.32	5155.03	2.29
188	929.29	0.023625	1.89	0.018858	0.022640	4901.15	1.13	4911.43	3.18
189	932.56	0.022597	1.92	0.018864	0.022658	4661.15	1.14	4684.23	3.84
190	935.84	0.021394	1.90	0.018856	0.022548	4417.45	1.25	4436.73	1.69
191	939.11	0.020241	1.93	0.018867	0.022401	4175.90	0.77	4195.43	3.34
192	942.38	0.019164	1.94	0.018858	0.022633	3956.10	1.14	3972.83	2.59
193	945.65	0.018174	1.95	0.018875	0.022718	3764.55	1.66	3773.33	2.88
194	948.92	0.017417	1.96	0.018867	0.022638	3590.95	0.75	3607.13	2.76
195	952.19	0.016601	1.98	0.018869	0.022868	3430.75	1.33	3441.13	2.90
196	955.45	0.015884	2.00	0.018851	0.022728	3277.70	1.11	3289.03	2.96
197	958.72	0.015207	2.01	0.018871	0.022541	3129.65	1.17	3143.53	2.66
198	961.98	0.014457	2.01	0.018851	0.022705	2988.60	0.85	2994.23	2.39
199	965.24	0.013857	2.05	0.018864	0.022213	2851.80	1.12	2862.63	3.12
200	968.50	0.013228	2.09	0.018869	0.022484	2722.70	1.15	2731.83	3.70
201	971.76	0.012627	2.07	0.018885	0.022722	2595.10	1.20	2604.73	2.67
202	975.02	0.012053	2.15	0.018860	0.022625	2469.50	1.14	2481.43	4.10
203	978.27	0.011443	2.10	0.018873	0.022494	2346.60	0.64	2355.83	2.63
204	981.52	0.010797	2.16	0.018853	0.022667	2222.85	0.92	2226.93	3.38
205	984.78	0.010226	2.18	0.018866	0.022456	2101.05	1.12	2107.73	2.86
206	988.03	0.009635	2.19	0.018856	0.022691	1981.65	1.27	1987.63	2.07
207	991.28	0.009087	2.24	0.018866	0.022871	1863.90	1.09	1872.63	2.53
208	994.52	0.000000	1.92	0.018858	0.022784	1748.35	1.11	1750.03	3.38
209	997.77	0.000000	1.92	0.018867	0.022621	1638.90	1.36	1644.43	2.97
210	1001.01	0.000000	1.97	0.018857	0.022767	1527.35	1.52	1534.53	3.08
211	1004.26	0.000000	1.96	0.018870	0.022679	1425.25	0.90	1426.63	2.65
212	1007.50	0.000000	1.98	0.018849	0.022718	1319.25	0.96	1317.93	2.41
213	1010.74	0.000000	2.08	0.018880	0.022803	1212.40	1.05	1213.33	2.79
214	1013.98	0.000000	2.08	0.018853	0.022719	1103.90	0.95	1101.13	2.41
215	1017.21	0.000000	2.22	0.018870	0.022462	989.90	1.16	994.13	2.80
216	1020.45	0.000000	2.43	0.018860	0.022795	881.80	1.08	883.43	3.27
217	1023.68	0.000000	2.32	0.018865	0.022596	775.50	1.02	776.93	2.43
218	1026.91	0.000000	2.66	0.018858	0.022782	673.55	1.03	673.83	2.99
219	1030.14	0.000000	3.15	0.018874	0.022955	577.85	1.10	581.43	3.54
220	1033.37	0.000000	3.53	0.018857	0.022781	491.20	0.88	494.03	3.58
221	1036.59	0.000000	2.76	0.018882	0.022719	408.60	0.81	406.23	1.85
222	1039.82	0.000000	4.26	0.018862	0.022794	337.40	1.18	337.63	3.10
223	1043.04	0.000000	4.49	0.018857	0.022663	271.50	1.03	275.33	2.73
224	1046.26	0.000000	5.24	0.018871	0.022507	218.50	0.74	216.53	2.55
225	1049.48	0.000000	7.05	0.018869	0.022830	171.45	1.40	171.33	2.79
226	1052.70	0.000000	7.73	0.018869	0.022607	129.30	0.95	128.63	2.33
227	1055.91	0.000000	10.63	0.018879	0.022904	98.90	1.61	100.43	2.53
228	1059.13	0.000000	14.43	0.018862	0.022687	71.70	1.60	74.63	2.65
229	1062.34	0.000000	26.12	0.018861	0.022661	53.85	1.17	53.53	3.41
230	1065.55	0.000000	25.42	0.018863	0.022848	39.30	1.43	41.63	2.69
231	1068.75	0.000000	39.36	0.018876	0.022645	29.75	1.36	31.93	3.28
232	1071.96	0.000000	49.76	0.018863	0.022623	25.20	0.71	23.53	2.69
233	1075.17	0.000000	46.51	0.018864	0.023036	18.85	0.95	18.83	2.13
234	1078.37	0.000000	73.18	0.018866	0.022801	14.70	1.16	14.03	2.37
235	1081.57	0.000000	78.24	0.018884	0.022551	11.75	1.14	13.03	2.74
236	1084.77	0.000000	135.73	0.018872	0.022561	7.25	1.10	8.93	3.56
237	1087.96	0.000000	140.65	0.018884	0.022595	7.15	0.95	6.63	2.09
238	1091.16	0.000000	179.35	0.018873	0.022650	2.70	1.36	5.03	3.23
239	1094.35	0.000000	275.21	0.018876	0.022805	1.95	0.85	3.43	3.35
240	1097.54	0.000000	190.26	0.018864	0.022611	3.20	1.20	-1.27	2.66
241	1100.73	0.000000	538.43	0.018879	0.022977	1.75	0.94	-0.07	2.50
242	1103.92	0.000000	112.37	0.018869	0.022530	2.80	1.38	-2.57	2.12
243	1107.10	0.000000	283.66	0.018878	0.022841	0.30	1.09	-1.57	2.38
244	1110.28	0.000000	287.47	0.018867	0.022547	-2.50	1.28	0.33	2.18
245	1113.46	0.000000	177.09	0.018894	0.022602	0.15	1.06	-3.87	3.45
246	1116.64	0.000000	125.79	0.018875	0.022883	-1.25	0.83	3.73	2.71
247	1119.82	0.000000	106.42	0.018892	0.022594	-3.35	0.89	4.43	3.22
248	1122.99	0.000000	263.84	0.018895	0.022828	-0.95	0.89	1.83	3.01
249	1126.17	0.000000	855.04	0.018913	0.022641	-0.80	1.09	-1.27	3.68
250	1129.34	0.000000	93.15	0.018912	0.022667	1.20	1.23	-4.77	2.42
251	1132.51	0.000000	339.87	0.018928	0.022709	-3.45	1.04	0.03	2.94
252	1135.67	0.000000	192.73	0.018940	0.022813	-1.95	1.08	-3.57	2.44
253	1138.84	0.000000	198.40	0.018980	0.022615	-2.70	1.20	-4.27	2.83
254	1142.00	0.000000	8218.16	0.019048	0.022648	-4.20	0.79	-2.17	2.88
255	1145.16	0.000000	205.45	0.019533	0.023784	-5.30	4.29	6.43	9.08
[END_OF_CALDATA]
