!FRM4SOC_CP
!RADCAL
# radiometric calibration coefs & linearity, lamp and panel data

# comments start with # (ignored by the processor)
# no empty lines between the parameter signatures in [] and the parameter values
# parameters are case insensitive
# parameters can be inserted in any order, except the first two signatures
# columns are tab- or space-delimited

[VERSION]
0.1

[CALDATE]
2026-03-20 08:53:42

[CALLAB]
Tartu Observatory

[USER]
Riho Vendt

[LAMP_ID]
TO_7

[PANEL_ID]
SG3151/1

[DEVICE]
SAM_872B

# Correlated color temperature (K)
[LAMP_CCT]
2977.5

# wavelength (nm)	bandwidth (nm)	irradiance (mW/m2/nm)	uncertainty (%, k=2)
[LAMPDATA]
300.00	0.00	1.3608	1.50
310.00	0.00	1.9372	1.50
320.00	0.00	2.6358	1.50
330.00	0.00	3.5407	1.40
340.00	0.00	4.6380	1.40
350.00	0.00	5.9914	1.30
360.00	0.00	7.6027	1.30
370.00	0.00	9.4767	1.30
380.00	0.00	11.6461	1.30
390.00	0.00	14.1614	1.30
400.00	0.00	16.9229	1.20
410.00	0.00	19.9376	1.20
420.00	0.00	23.2677	1.20
430.00	0.00	26.8840	1.20
440.00	0.00	30.7867	1.20
450.00	0.00	35.0344	1.20
460.00	0.00	39.4359	1.20
470.00	0.00	44.1128	1.20
480.00	0.00	48.9542	1.20
490.00	0.00	54.0952	1.20
500.00	0.00	59.2452	1.20
510.00	0.00	64.6754	1.20
520.00	0.00	69.9903	1.20
530.00	0.00	75.6024	1.20
540.00	0.00	81.1717	1.20
550.00	0.00	86.8574	1.20
560.00	0.00	92.5627	1.20
570.00	0.00	98.1045	1.20
580.00	0.00	103.8197	1.20
590.00	0.00	109.4881	1.20
600.00	0.00	114.8400	1.20
610.00	0.00	120.2473	1.20
620.00	0.00	125.5000	1.20
630.00	0.00	130.7785	1.20
640.00	0.00	135.7258	1.20
650.00	0.00	140.4710	1.20
660.00	0.00	145.4703	1.20
670.00	0.00	149.9922	1.20
680.00	0.00	154.2653	1.20
690.00	0.00	158.5131	1.20
700.00	0.00	162.6457	1.20
710.00	0.00	166.4744	1.20
720.00	0.00	170.1194	1.20
730.00	0.00	173.4370	1.20
740.00	0.00	176.6738	1.20
750.00	0.00	179.7362	1.20
760.00	0.00	182.6709	1.20
770.00	0.00	185.3328	1.20
780.00	0.00	187.6319	1.20
790.00	0.00	189.9388	1.20
800.00	0.00	192.0141	1.20
810.00	0.00	193.9241	1.20
820.00	0.00	195.5564	1.20
830.00	0.00	197.0500	1.20
840.00	0.00	198.4559	1.20
850.00	0.00	199.6272	1.20
860.00	0.00	200.6580	1.20
870.00	0.00	201.4082	1.20
880.00	0.00	202.1077	1.20
890.00	0.00	202.6360	1.20
900.00	0.00	203.0186	1.20
910.00	0.00	203.2563	1.20
920.00	0.00	203.4473	1.20
930.00	0.00	203.4458	1.20
940.00	0.00	203.3470	1.20
950.00	0.00	203.1248	1.20
960.00	0.00	202.7085	1.20
970.00	0.00	202.2934	1.20
980.00	0.00	201.7270	1.20
990.00	0.00	202.1353	1.30
1000.00	0.00	202.4295	1.30
[END_OF_LAMPDATA]

# wavelength (nm)	bandwidth (nm)	reflectance	uncertainty (%, k=2)
[PANELDATA]
350.00	0.00	0.9760	0.01
360.00	0.00	0.9840	0.01
370.00	0.00	0.9860	0.01
380.00	0.00	0.9870	0.01
390.00	0.00	0.9890	0.01
400.00	0.00	0.9910	0.01
410.00	0.00	0.9910	0.01
420.00	0.00	0.9920	0.01
430.00	0.00	0.9960	0.01
440.00	0.00	0.9970	0.01
450.00	0.00	0.9940	0.01
460.00	0.00	0.9930	0.01
470.00	0.00	0.9930	0.01
480.00	0.00	0.9930	0.01
490.00	0.00	0.9930	0.01
500.00	0.00	0.9930	0.01
510.00	0.00	0.9920	0.01
520.00	0.00	0.9930	0.01
530.00	0.00	0.9920	0.01
540.00	0.00	0.9920	0.01
550.00	0.00	0.9910	0.01
560.00	0.00	0.9920	0.00
570.00	0.00	0.9910	0.00
580.00	0.00	0.9910	0.00
590.00	0.00	0.9900	0.00
600.00	0.00	0.9910	0.00
610.00	0.00	0.9900	0.00
620.00	0.00	0.9900	0.00
630.00	0.00	0.9890	0.00
640.00	0.00	0.9890	0.00
650.00	0.00	0.9890	0.00
660.00	0.00	0.9890	0.00
670.00	0.00	0.9880	0.00
680.00	0.00	0.9880	0.00
690.00	0.00	0.9870	0.00
700.00	0.00	0.9870	0.00
710.00	0.00	0.9870	0.00
720.00	0.00	0.9870	0.00
730.00	0.00	0.9860	0.00
740.00	0.00	0.9860	0.00
750.00	0.00	0.9850	0.00
760.00	0.00	0.9850	0.00
770.00	0.00	0.9840	0.00
780.00	0.00	0.9840	0.00
790.00	0.00	0.9840	0.00
800.00	0.00	0.9840	0.00
810.00	0.00	0.9840	0.00
820.00	0.00	0.9830	0.00
830.00	0.00	0.9830	0.00
840.00	0.00	0.9830	0.00
850.00	0.00	0.9820	0.00
860.00	0.00	0.9820	0.00
870.00	0.00	0.9810	0.00
880.00	0.00	0.9810	0.00
890.00	0.00	0.9810	0.00
900.00	0.00	0.9790	0.00
910.00	0.00	0.9770	0.00
920.00	0.00	0.9790	0.00
930.00	0.00	0.9780	0.00
940.00	0.00	0.9780	0.00
950.00	0.00	0.9780	0.00
960.00	0.00	0.9770	0.00
970.00	0.00	0.9780	0.00
980.00	0.00	0.9770	0.00
990.00	0.00	0.9770	0.00
1000.00	0.00	0.9780	0.00
1010.00	0.00	0.9770	0.00
1020.00	0.00	0.9780	0.00
1030.00	0.00	0.9770	0.00
1040.00	0.00	0.9770	0.00
1050.00	0.00	0.9780	0.00
1060.00	0.00	0.9780	0.00
1070.00	0.00	0.9780	0.00
1080.00	0.00	0.9770	0.00
1090.00	0.00	0.9780	0.00
1100.00	0.00	0.9780	0.00
1110.00	0.00	0.9780	0.00
1120.00	0.00	0.9780	0.00
1130.00	0.00	0.9770	0.00
1140.00	0.00	0.9770	0.00
1150.00	0.00	0.9760	0.00
1160.00	0.00	0.9760	0.00
1170.00	0.00	0.9750	0.00
1180.00	0.00	0.9740	0.00
1190.00	0.00	0.9730	0.00
1200.00	0.00	0.9730	0.00
1210.00	0.00	0.9740	0.00
1220.00	0.00	0.9750	0.00
1230.00	0.00	0.9750	0.00
1240.00	0.00	0.9760	0.00
1250.00	0.00	0.9760	0.00
1260.00	0.00	0.9750	0.00
1270.00	0.00	0.9760	0.00
1280.00	0.00	0.9760	0.00
1290.00	0.00	0.9760	0.00
1300.00	0.00	0.9760	0.00
1310.00	0.00	0.9750	0.00
1320.00	0.00	0.9760	0.00
1330.00	0.00	0.9750	0.00
1340.00	0.00	0.9750	0.00
1350.00	0.00	0.9740	0.00
1360.00	0.00	0.9730	0.00
1370.00	0.00	0.9720	0.00
1380.00	0.00	0.9720	0.00
1390.00	0.00	0.9710	0.00
1400.00	0.00	0.9710	0.00
1410.00	0.00	0.9720	0.00
1420.00	0.00	0.9720	0.00
1430.00	0.00	0.9720	0.00
1440.00	0.00	0.9710	0.00
1450.00	0.00	0.9720	0.00
1460.00	0.00	0.9720	0.00
1470.00	0.00	0.9720	0.00
1480.00	0.00	0.9720	0.00
1490.00	0.00	0.9720	0.00
1500.00	0.00	0.9720	0.00
1510.00	0.00	0.9720	0.00
1520.00	0.00	0.9720	0.00
1530.00	0.00	0.9720	0.00
1540.00	0.00	0.9710	0.00
1550.00	0.00	0.9710	0.00
1560.00	0.00	0.9710	0.00
1570.00	0.00	0.9710	0.00
1580.00	0.00	0.9710	0.00
1590.00	0.00	0.9700	0.00
1600.00	0.00	0.9700	0.00
1610.00	0.00	0.9700	0.00
1620.00	0.00	0.9690	0.00
1630.00	0.00	0.9680	0.00
1640.00	0.00	0.9670	0.00
1650.00	0.00	0.9650	0.00
1660.00	0.00	0.9630	0.01
1670.00	0.00	0.9620	0.01
1680.00	0.00	0.9580	0.01
1690.00	0.00	0.9560	0.01
1700.00	0.00	0.9550	0.01
[END_OF_PANELDATA]

[AMBIENT_TEMP]
21.0

# pixel no	wavelength (nm)	irradiance responsivity (unit depends on the device class)	uncertainty (%, k=2)	dark1	dark2 (content depends on the instrument class)	raw1	stdev1	raw2	stdev2
[CALDATA]
0	303.34	4	0.00	12	0.000000	64	0.00	32	0.00
1	306.65	0.346796	11.79	0.018861	0.022568	94.00	1.18	92.92	2.60
2	309.96	0.395329	8.04	0.018786	0.022463	125.60	0.99	121.62	2.23
3	313.27	0.464136	5.58	0.018745	0.022626	161.20	1.03	157.52	1.92
4	316.58	0.534902	4.45	0.018740	0.022887	202.35	1.28	199.62	1.84
5	319.89	0.584846	3.18	0.018759	0.022681	244.65	1.29	241.52	1.33
6	323.21	0.640366	3.72	0.018774	0.022599	294.45	1.11	291.92	2.19
7	326.52	0.683171	3.26	0.018782	0.022674	348.40	1.22	344.92	2.13
8	329.84	0.732839	2.94	0.018780	0.022652	415.60	0.97	409.82	2.21
9	333.16	0.819112	2.63	0.018765	0.022820	497.50	1.14	497.02	2.13
10	336.47	0.888323	2.43	0.018762	0.022547	598.20	1.06	594.42	2.17
11	339.79	0.992296	2.14	0.018751	0.022798	728.25	1.04	725.12	1.81
12	343.11	1.120108	2.16	0.018754	0.022471	881.40	1.10	886.52	2.26
13	346.43	1.232068	1.99	0.018755	0.022642	1067.20	0.96	1069.02	1.95
14	349.75	1.356886	1.88	0.018763	0.022421	1275.70	0.99	1280.32	1.85
15	353.07	1.454838	1.91	0.018751	0.022748	1499.10	1.25	1498.72	2.20
16	356.40	1.536357	1.93	0.018757	0.022981	1715.75	1.36	1716.62	3.06
17	359.72	1.585383	1.81	0.018755	0.023116	1911.80	0.99	1915.92	1.87
18	363.04	1.588243	1.84	0.018767	0.022654	2067.30	1.12	2071.42	2.36
19	366.37	1.552907	1.81	0.018744	0.022365	2182.85	0.74	2184.12	2.24
20	369.69	1.503890	1.78	0.018758	0.022974	2268.90	1.10	2272.02	1.95
21	373.02	1.453550	1.81	0.018759	0.022451	2345.75	1.07	2352.92	2.32
22	376.35	1.403171	1.79	0.018759	0.022744	2433.25	1.12	2437.22	2.27
23	379.67	1.370666	1.76	0.018745	0.022861	2547.40	0.97	2549.22	2.09
24	383.00	1.359120	1.77	0.018749	0.022803	2692.05	1.19	2698.82	1.95
25	386.33	1.355742	1.76	0.018756	0.022667	2875.10	0.89	2878.92	2.11
26	389.66	1.374587	1.75	0.018755	0.022884	3102.50	0.82	3109.92	2.45
27	392.99	1.408526	1.72	0.018760	0.022717	3382.25	1.08	3389.92	2.33
28	396.32	1.449405	1.68	0.018759	0.022768	3704.70	1.03	3708.82	2.06
29	399.66	1.505573	1.64	0.018738	0.022949	4077.10	1.10	4083.72	2.23
30	402.99	1.577941	1.64	0.018763	0.022924	4513.25	1.24	4524.02	2.19
31	406.32	1.664904	1.63	0.018761	0.022617	5031.20	1.02	5042.62	1.87
32	409.65	1.766513	1.62	0.018754	0.022985	5632.05	1.19	5644.62	2.08
33	412.99	1.880317	1.62	0.018748	0.022942	6317.25	1.07	6333.52	2.24
34	416.32	1.998944	1.62	0.018773	0.022940	7072.85	1.36	7091.62	2.39
35	419.66	2.121159	1.61	0.018744	0.022944	7901.80	1.36	7920.02	1.83
36	422.99	2.234792	1.61	0.018757	0.022791	8756.70	1.33	8777.32	2.80
37	426.33	2.335069	1.60	0.018763	0.022803	9611.85	1.44	9636.22	1.89
38	429.67	2.411532	1.60	0.018753	0.022724	10428.45	1.25	10450.92	2.73
39	433.01	2.469424	1.60	0.018752	0.022769	11178.20	1.29	11208.32	2.19
40	436.34	2.498374	1.60	0.018760	0.022895	11839.50	1.62	11870.52	2.63
41	439.68	2.504215	1.59	0.018755	0.022549	12408.90	1.44	12441.62	2.38
42	443.02	2.490036	1.59	0.018764	0.022832	12880.30	1.42	12916.02	2.65
43	446.36	2.458269	1.59	0.018754	0.022730	13264.55	1.39	13301.32	2.38
44	449.70	2.410662	1.58	0.018762	0.022921	13559.90	1.51	13595.62	2.72
45	453.04	2.351521	1.58	0.018760	0.022737	13758.40	1.45	13800.22	2.34
46	456.38	2.283274	1.58	0.018760	0.023049	13900.25	1.31	13939.42	2.60
47	459.72	2.216391	1.58	0.018758	0.022770	14023.10	1.45	14061.72	2.65
48	463.06	2.152139	1.58	0.018768	0.023063	14134.90	1.15	14180.32	2.42
49	466.41	2.095358	1.57	0.018755	0.022849	14288.80	1.43	14334.32	2.66
50	469.75	2.049064	1.57	0.018766	0.022866	14498.95	1.29	14543.42	2.52
51	473.09	2.015609	1.57	0.018757	0.022918	14778.30	1.52	14824.42	2.58
52	476.43	1.995061	1.57	0.018769	0.022861	15146.75	1.62	15193.92	3.37
53	479.78	1.988755	1.57	0.018760	0.022923	15610.20	1.65	15665.12	2.95
54	483.12	1.984659	1.57	0.018760	0.022885	16114.25	1.41	16173.02	2.53
55	486.46	1.980842	1.57	0.018755	0.022773	16625.10	1.45	16688.22	2.97
56	489.81	1.972700	1.56	0.018770	0.022894	17104.30	1.24	17170.92	2.09
57	493.15	1.963803	1.56	0.018752	0.022633	17569.10	1.64	17636.12	2.36
58	496.50	1.960145	1.56	0.018766	0.022654	18072.00	1.60	18144.22	2.67
59	499.84	1.965164	1.56	0.018753	0.022974	18652.95	1.92	18734.12	2.95
60	503.19	1.976025	1.56	0.018771	0.022734	19321.85	1.85	19405.02	2.60
61	506.53	1.997276	1.56	0.018763	0.022991	20103.60	1.66	20190.72	2.41
62	509.88	2.025951	1.56	0.018760	0.022742	20965.95	2.07	21063.82	2.90
63	513.22	2.062003	1.55	0.018774	0.023043	21925.00	1.97	22030.62	2.69
64	516.57	2.103270	1.55	0.018782	0.022787	22969.60	1.69	23080.82	2.64
65	519.92	2.150162	1.55	0.018764	0.022845	24087.40	1.67	24212.92	2.51
66	523.26	2.198557	1.55	0.018769	0.023079	25271.25	2.45	25406.82	2.62
67	526.61	2.250399	1.55	0.018753	0.022896	26516.15	2.03	26667.82	3.05
68	529.96	2.301320	1.55	0.018773	0.022882	27785.20	2.28	27952.12	2.57
69	533.30	2.348510	1.55	0.018761	0.022849	29039.25	2.23	29220.52	2.36
70	536.65	2.392430	1.55	0.018747	0.022760	30269.50	1.98	30471.12	3.33
71	540.00	2.426858	1.55	0.018758	0.022788	31421.20	1.97	31634.12	3.42
72	543.35	2.452040	1.55	0.018768	0.022868	32454.70	2.38	32687.22	3.19
73	546.69	2.463598	1.55	0.018763	0.022751	33327.85	2.39	33574.62	3.88
74	550.04	2.458927	1.55	0.018767	0.022762	33975.45	2.36	34239.22	3.29
75	553.39	2.438474	1.55	0.018769	0.022716	34440.35	2.68	34710.12	3.79
76	556.74	2.405237	1.55	0.018751	0.022625	34704.35	2.51	34980.82	3.49
77	560.08	2.361261	1.55	0.018767	0.022852	34795.50	2.70	35073.92	2.83
78	563.43	2.314938	1.55	0.018762	0.022832	34777.20	2.78	35060.02	3.21
79	566.78	2.264709	1.55	0.018761	0.022607	34688.30	2.61	34965.72	3.22
80	570.13	2.210807	1.55	0.018774	0.022474	34496.90	2.53	34775.82	3.50
81	573.47	2.152508	1.55	0.018771	0.022648	34243.00	2.15	34519.92	3.13
82	576.82	2.091991	1.55	0.018770	0.022710	33915.25	2.53	34190.12	3.34
83	580.17	2.029313	1.55	0.018761	0.022534	33507.50	2.66	33782.42	3.19
84	583.52	1.965657	1.55	0.018776	0.022863	33046.05	2.22	33314.02	2.64
85	586.86	1.900794	1.55	0.018776	0.022851	32522.50	2.29	32783.72	3.54
86	590.21	1.837231	1.55	0.018767	0.022495	31982.10	2.17	32235.72	2.28
87	593.56	1.778190	1.55	0.018755	0.022694	31466.90	2.05	31720.02	3.55
88	596.91	1.726133	1.55	0.018762	0.022833	31049.35	1.92	31298.02	3.68
89	600.25	1.685038	1.55	0.018767	0.022537	30799.40	2.41	31044.52	2.60
90	603.60	1.651124	1.55	0.018790	0.022555	30650.40	2.18	30892.62	2.83
91	606.95	1.620261	1.55	0.018767	0.022698	30520.05	2.36	30767.82	2.73
92	610.29	1.593404	1.55	0.018783	0.022769	30451.55	2.17	30702.62	2.66
93	613.64	1.571967	1.55	0.018770	0.022721	30482.95	2.07	30734.62	2.59
94	616.99	1.556220	1.55	0.018786	0.022757	30610.50	2.33	30863.72	3.41
95	620.33	1.546650	1.55	0.018768	0.022628	30835.70	2.06	31098.12	3.87
96	623.68	1.541651	1.55	0.018786	0.022576	31149.35	2.07	31420.12	2.62
97	627.02	1.538519	1.55	0.018777	0.022685	31501.45	1.99	31777.52	2.68
98	630.37	1.534274	1.55	0.018780	0.022845	31821.25	2.16	32103.92	3.44
99	633.72	1.525733	1.55	0.018776	0.022644	32028.75	2.33	32322.92	3.22
100	637.06	1.507225	1.55	0.018772	0.022564	32047.85	2.19	32335.42	3.06
101	640.40	1.481293	1.55	0.018758	0.022806	31873.90	1.92	32162.82	2.88
102	643.75	1.450740	1.56	0.018772	0.022784	31597.25	1.76	31877.32	3.02
103	647.09	1.420310	1.56	0.018773	0.022711	31276.20	2.12	31560.92	2.65
104	650.44	1.393251	1.56	0.018772	0.022616	31049.35	1.85	31321.92	2.93
105	653.78	1.371076	1.56	0.018769	0.022821	30915.40	1.78	31189.82	3.13
106	657.12	1.351232	1.56	0.018773	0.022832	30824.65	2.39	31098.52	3.13
107	660.47	1.329604	1.56	0.018772	0.022712	30663.35	1.85	30941.52	3.55
108	663.81	1.303333	1.56	0.018768	0.022782	30379.70	2.17	30646.62	3.40
109	667.15	1.279270	1.56	0.018775	0.022578	30106.90	2.10	30375.12	2.90
110	670.49	1.258678	1.56	0.018789	0.022658	29915.30	1.99	30178.82	2.62
111	673.84	1.239114	1.56	0.018772	0.023032	29737.35	2.19	29997.52	3.31
112	677.18	1.220280	1.56	0.018771	0.022862	29568.55	2.23	29823.12	3.05
113	680.52	1.204117	1.57	0.018774	0.022897	29436.70	2.02	29694.02	3.14
114	683.86	1.189647	1.57	0.018777	0.022629	29345.75	2.35	29601.12	2.46
115	687.20	1.175404	1.57	0.018757	0.022646	29245.70	1.99	29501.22	2.61
116	690.54	1.161601	1.57	0.018780	0.022779	29151.85	1.88	29406.02	3.35
117	693.88	1.147420	1.57	0.018767	0.022948	29042.20	2.21	29299.12	3.55
118	697.21	1.132534	1.57	0.018779	0.022945	28916.55	1.95	29169.92	3.48
119	700.55	1.118845	1.57	0.018774	0.022855	28805.05	2.34	29057.72	2.19
120	703.89	1.105300	1.58	0.018780	0.022734	28690.40	2.21	28938.22	3.59
121	707.23	1.093021	1.58	0.018760	0.022584	28583.85	1.97	28834.82	2.17
122	710.56	1.082888	1.58	0.018765	0.022708	28525.15	1.66	28779.72	3.52
123	713.90	1.074132	1.58	0.018782	0.022842	28508.80	2.14	28760.82	2.61
124	717.24	1.066999	1.58	0.018765	0.022763	28531.85	2.01	28780.02	3.28
125	720.57	1.062736	1.58	0.018779	0.023013	28599.00	2.40	28855.82	2.86
126	723.90	1.059626	1.58	0.018784	0.022800	28695.05	2.14	28952.22	3.21
127	727.24	1.056553	1.59	0.018766	0.022865	28785.65	1.84	29043.82	2.60
128	730.57	1.054045	1.59	0.018782	0.022670	28877.50	2.19	29142.82	2.68
129	733.90	1.048699	1.59	0.018780	0.022762	28912.70	2.40	29178.32	3.20
130	737.24	1.041415	1.59	0.018783	0.022629	28896.60	1.50	29157.92	3.35
131	740.57	1.032403	1.59	0.018780	0.023141	28815.70	2.17	29076.72	2.76
132	743.90	1.021010	1.60	0.018771	0.022938	28659.90	1.65	28917.22	2.66
133	747.23	1.008274	1.60	0.018769	0.022737	28450.70	1.83	28708.02	2.90
134	750.56	0.994854	1.60	0.018768	0.022765	28216.60	1.85	28473.82	3.15
135	753.88	0.979956	1.60	0.018772	0.022619	27948.45	2.00	28202.92	3.10
136	757.21	0.965022	1.61	0.018770	0.023005	27675.00	2.10	27924.72	2.85
137	760.54	0.950820	1.61	0.018774	0.022899	27412.65	2.18	27657.72	3.27
138	763.87	0.937509	1.61	0.018771	0.022802	27157.95	2.11	27398.42	2.75
139	767.19	0.926164	1.61	0.018768	0.022683	26941.25	2.10	27183.72	2.88
140	770.52	0.915084	1.62	0.018794	0.023131	26748.40	1.67	26981.82	2.90
141	773.84	0.903746	1.62	0.018782	0.023091	26525.85	1.86	26758.72	2.58
142	777.16	0.891237	1.62	0.018758	0.022698	26276.35	1.75	26501.52	3.15
143	780.49	0.877596	1.62	0.018776	0.022699	25965.75	1.89	26194.32	2.59
144	783.81	0.860227	1.63	0.018780	0.022688	25565.00	2.20	25786.62	3.10
145	787.13	0.840651	1.63	0.018754	0.022864	25095.00	2.19	25307.12	2.24
146	790.45	0.819105	1.63	0.018790	0.022902	24550.30	1.55	24756.32	2.50
147	793.77	0.795762	1.64	0.018776	0.022581	23946.40	1.81	24143.82	3.19
148	797.09	0.771607	1.64	0.018788	0.023048	23310.40	1.96	23498.82	2.65
149	800.41	0.747075	1.64	0.018767	0.022744	22645.15	1.55	22829.52	2.87
150	803.72	0.721991	1.65	0.018774	0.022898	21979.80	1.73	22148.22	2.40
151	807.04	0.698349	1.65	0.018777	0.022846	21322.50	1.65	21489.52	2.82
152	810.35	0.674489	1.66	0.018780	0.022649	20671.55	1.48	20826.52	2.53
153	813.67	0.651757	1.66	0.018761	0.022775	20026.85	1.82	20176.42	3.02
154	816.98	0.629523	1.66	0.018772	0.023028	19397.70	1.58	19539.02	2.61
155	820.29	0.607858	1.67	0.018765	0.022624	18784.05	1.30	18915.92	2.85
156	823.61	0.585944	1.67	0.018761	0.022934	18157.40	1.40	18283.32	1.91
157	826.92	0.564272	1.68	0.018774	0.022869	17540.55	1.65	17656.72	3.12
158	830.23	0.542669	1.68	0.018779	0.022908	16908.30	1.60	17021.02	2.22
159	833.53	0.520957	1.69	0.018769	0.022396	16278.65	1.47	16383.62	2.44
160	836.84	0.499033	1.69	0.018763	0.022836	15634.50	1.53	15733.12	2.84
161	840.15	0.477062	1.70	0.018769	0.022681	14979.05	1.62	15073.72	2.63
162	843.45	0.455147	1.70	0.018769	0.023063	14322.35	1.47	14409.32	2.17
163	846.76	0.433943	1.71	0.018767	0.022778	13674.30	1.60	13758.72	2.22
164	850.06	0.412593	1.71	0.018776	0.023009	13036.45	1.35	13109.22	2.22
165	853.36	0.391757	1.72	0.018771	0.022873	12411.05	1.27	12474.92	2.56
166	856.66	0.372491	1.72	0.018776	0.022718	11816.60	1.28	11879.52	2.18
167	859.97	0.353835	1.73	0.018767	0.022597	11251.50	1.24	11307.02	2.57
168	863.26	0.337114	1.74	0.018773	0.022920	10726.50	1.27	10781.42	2.82
169	866.56	0.321363	1.74	0.018772	0.022822	10235.35	1.38	10287.32	2.64
170	869.86	0.306378	1.75	0.018765	0.023000	9779.70	1.21	9822.42	3.00
171	873.15	0.293187	1.75	0.018758	0.022690	9361.00	1.34	9406.42	2.29
172	876.45	0.280704	1.76	0.018775	0.022986	8980.25	1.03	9020.02	1.70
173	879.74	0.269323	1.77	0.018771	0.023014	8630.75	1.24	8666.22	1.74
174	883.04	0.259187	1.77	0.018764	0.022961	8310.65	1.08	8346.42	2.00
175	886.33	0.249751	1.78	0.018774	0.022609	8014.80	1.08	8049.42	2.14
176	889.62	0.240717	1.79	0.018766	0.022737	7729.30	1.11	7763.52	2.24
177	892.91	0.232241	1.80	0.018777	0.022921	7460.20	0.89	7492.12	2.61
178	896.19	0.224169	1.80	0.018780	0.022854	7198.00	1.06	7230.12	2.16
179	899.48	0.216020	1.81	0.018763	0.022669	6943.25	1.07	6970.32	1.89
180	902.76	0.208039	1.82	0.018778	0.022700	6687.70	1.48	6712.62	2.35
181	906.05	0.200309	1.83	0.018754	0.022392	6433.40	1.45	6459.42	1.52
182	909.33	0.192501	1.84	0.018775	0.022688	6177.20	1.27	6203.82	2.38
183	912.61	0.184287	1.85	0.018768	0.022677	5926.70	1.27	5947.92	2.09
184	915.89	0.176542	1.86	0.018782	0.022752	5682.45	1.54	5703.22	2.05
185	919.17	0.168693	1.87	0.018768	0.022828	5440.10	1.24	5457.32	2.33
186	922.45	0.161573	1.87	0.018781	0.022604	5206.80	1.26	5225.22	2.04
187	925.72	0.154546	1.89	0.018773	0.022767	4976.05	1.21	4995.02	2.31
188	929.00	0.147392	1.90	0.018771	0.022449	4745.60	1.29	4762.82	2.58
189	932.27	0.140243	1.90	0.018771	0.022565	4512.10	0.95	4529.72	1.83
190	935.54	0.132585	1.92	0.018771	0.022440	4265.80	1.35	4282.12	2.68
191	938.81	0.124865	1.93	0.018775	0.022848	4022.10	1.30	4034.72	2.38
192	942.08	0.118002	1.94	0.018777	0.022640	3793.60	1.28	3808.72	1.92
193	945.35	0.111510	1.95	0.018782	0.022708	3590.35	1.07	3601.32	2.16
194	948.62	0.105892	1.97	0.018782	0.022556	3409.50	1.09	3419.22	2.43
195	951.88	0.100778	1.99	0.018779	0.022622	3244.05	1.29	3252.52	2.52
196	955.15	0.095985	1.99	0.018778	0.022557	3086.80	1.18	3094.82	2.07
197	958.41	0.091465	2.01	0.018766	0.022720	2940.75	1.56	2947.22	2.19
198	961.67	0.087377	2.03	0.018784	0.022718	2803.25	1.21	2811.52	2.34
199	964.93	0.083222	2.04	0.018762	0.022498	2674.35	0.90	2679.62	2.25
200	968.19	0.079708	2.04	0.018793	0.022681	2550.85	1.07	2560.72	1.62
201	971.44	0.075982	2.06	0.018774	0.022562	2433.05	0.99	2440.82	1.81
202	974.70	0.072304	2.08	0.018790	0.022574	2315.40	1.10	2321.32	2.10
203	977.95	0.068686	2.11	0.018771	0.022756	2200.05	1.02	2204.02	2.32
204	981.20	0.065462	2.11	0.018784	0.022842	2085.05	1.08	2094.12	1.54
205	984.45	0.061588	2.17	0.018777	0.022640	1963.75	0.93	1971.92	2.22
206	987.70	0.057834	2.21	0.018776	0.022855	1843.05	1.02	1851.82	2.42
207	990.95	0.053824	2.26	0.018770	0.022723	1720.10	0.93	1726.42	2.56
208	994.19	0.000000	1.86	0.018766	0.022736	1592.95	1.09	1601.42	2.27
209	997.43	0.000000	1.91	0.018777	0.022621	1461.95	1.18	1466.32	2.40
210	1000.68	0.000000	1.92	0.018774	0.022494	1331.70	1.10	1332.92	2.13
211	1003.92	0.000000	1.97	0.018769	0.022901	1196.60	1.32	1200.12	2.17
212	1007.16	0.000000	1.99	0.018772	0.022730	1068.10	1.11	1070.42	1.95
213	1010.39	0.000000	2.08	0.018765	0.022711	943.25	1.07	943.92	2.10
214	1013.63	0.000000	2.11	0.018766	0.022618	820.40	1.01	826.12	1.91
215	1016.86	0.000000	2.31	0.018775	0.022486	709.60	1.04	709.52	2.26
216	1020.09	0.000000	2.58	0.018772	0.022776	605.90	1.08	607.82	2.56
217	1023.32	0.000000	2.56	0.018762	0.022710	508.70	0.84	510.72	2.09
218	1026.55	0.000000	2.91	0.018777	0.022570	422.00	1.01	423.42	2.22
219	1029.78	0.000000	3.31	0.018763	0.022749	344.05	1.57	342.92	2.12
220	1033.01	0.000000	4.37	0.018769	0.022624	274.80	1.58	277.52	2.60
221	1036.23	0.000000	4.55	0.018771	0.022643	217.70	0.85	215.82	2.13
222	1039.45	0.000000	5.43	0.018778	0.022806	164.55	1.16	168.92	2.10
223	1042.67	0.000000	8.09	0.018773	0.022628	123.20	1.12	121.72	2.28
224	1045.89	0.000000	9.09	0.018778	0.022816	90.75	1.25	90.82	1.91
225	1049.11	0.000000	10.83	0.018762	0.022686	65.10	0.83	64.32	1.63
226	1052.32	0.000000	19.35	0.018764	0.022735	47.65	1.05	47.12	2.18
227	1055.53	0.000000	27.14	0.018771	0.022397	33.05	1.15	34.22	2.32
228	1058.74	0.000000	23.40	0.018784	0.022659	24.60	0.98	28.82	1.86
229	1061.95	0.000000	37.48	0.018774	0.022889	19.30	0.97	20.92	2.05
230	1065.16	0.000000	60.66	0.018785	0.022847	14.35	1.21	15.52	2.46
231	1068.36	0.000000	69.91	0.018778	0.022704	11.90	0.98	12.82	2.35
232	1071.57	0.000000	65.02	0.018777	0.022884	9.10	1.05	10.12	1.73
233	1074.77	0.000000	69.17	0.018779	0.022794	8.65	1.03	9.92	1.87
234	1077.97	0.000000	76.89	0.018773	0.022719	4.95	1.08	7.92	2.02
235	1081.17	0.000000	113.85	0.018775	0.022808	5.40	1.37	6.32	1.95
236	1084.36	0.000000	237.24	0.018788	0.022593	3.75	1.19	3.42	1.74
237	1087.56	0.000000	235.28	0.018779	0.022757	3.15	1.06	3.32	1.99
238	1090.75	0.000000	117.33	0.018771	0.022714	0.15	1.34	3.72	2.03
239	1093.94	0.000000	330.69	0.018779	0.022731	4.05	0.78	3.52	2.44
240	1097.13	0.000000	408.71	0.018773	0.022765	1.50	1.32	-0.28	1.99
241	1100.31	0.000000	109.05	0.018764	0.023023	1.60	1.17	-2.88	1.92
242	1103.50	0.000000	148.67	0.018785	0.022453	-0.25	1.25	2.62	1.94
243	1106.68	0.000000	163.02	0.018782	0.022720	0.95	1.04	-1.78	1.76
244	1109.86	0.000000	301.33	0.018789	0.022808	0.60	0.88	-1.48	2.64
245	1113.04	0.000000	368.34	0.018782	0.022480	-0.10	1.22	1.12	2.07
246	1116.21	0.000000	1253.42	0.018791	0.023050	-0.95	1.09	-0.88	2.46
247	1119.38	0.000000	4737.39	0.018796	0.022920	-0.15	1.27	-0.18	2.35
248	1122.56	0.000000	641.94	0.018802	0.022703	-0.05	1.19	0.62	1.99
249	1125.73	0.000000	892.64	0.018795	0.022784	-1.70	0.92	-1.28	1.85
250	1128.89	0.000000	837.84	0.018815	0.022660	-0.30	0.84	-0.68	2.17
251	1132.06	0.000000	280.99	0.018832	0.022761	-0.95	1.19	-2.08	2.17
252	1135.22	0.000000	1027.50	0.018845	0.022680	-2.30	1.11	-1.68	2.65
253	1138.38	0.000000	768.22	0.018873	0.022609	-2.10	0.91	-0.38	2.54
254	1141.54	0.000000	2346.95	0.018961	0.022877	-3.15	1.21	-1.38	2.23
255	1144.70	0.000000	166.07	0.019417	0.024300	-2.30	0.89	-3.98	2.30
[END_OF_CALDATA]
