!FRM4SOC_CP
!RADCAL
# radiometric calibration coefs & linearity, lamp and panel data

# comments start with # (ignored by the processor)
# no empty lines between the parameter signatures in [] and the parameter values
# parameters are case insensitive
# parameters can be inserted in any order, except the first two signatures
# columns are tab- or space-delimited

[VERSION]
0.1

[CALDATE]
2026-03-11 08:18:25

[CALLAB]
Tartu Observatory

[USER]
Riho Vendt

[LAMP_ID]
TO_7

[PANEL_ID]
SG3151/1

[DEVICE]
SAM_8729

# Correlated color temperature (K)
[LAMP_CCT]
2977.5

# wavelength (nm)	bandwidth (nm)	irradiance (mW/m2/nm)	uncertainty (%, k=2)
[LAMPDATA]
300.00	0.00	1.3608	1.50
310.00	0.00	1.9372	1.50
320.00	0.00	2.6358	1.50
330.00	0.00	3.5407	1.40
340.00	0.00	4.6380	1.40
350.00	0.00	5.9914	1.30
360.00	0.00	7.6027	1.30
370.00	0.00	9.4767	1.30
380.00	0.00	11.6461	1.30
390.00	0.00	14.1614	1.30
400.00	0.00	16.9229	1.20
410.00	0.00	19.9376	1.20
420.00	0.00	23.2677	1.20
430.00	0.00	26.8840	1.20
440.00	0.00	30.7867	1.20
450.00	0.00	35.0344	1.20
460.00	0.00	39.4359	1.20
470.00	0.00	44.1128	1.20
480.00	0.00	48.9542	1.20
490.00	0.00	54.0952	1.20
500.00	0.00	59.2452	1.20
510.00	0.00	64.6754	1.20
520.00	0.00	69.9903	1.20
530.00	0.00	75.6024	1.20
540.00	0.00	81.1717	1.20
550.00	0.00	86.8574	1.20
560.00	0.00	92.5627	1.20
570.00	0.00	98.1045	1.20
580.00	0.00	103.8197	1.20
590.00	0.00	109.4881	1.20
600.00	0.00	114.8400	1.20
610.00	0.00	120.2473	1.20
620.00	0.00	125.5000	1.20
630.00	0.00	130.7785	1.20
640.00	0.00	135.7258	1.20
650.00	0.00	140.4710	1.20
660.00	0.00	145.4703	1.20
670.00	0.00	149.9922	1.20
680.00	0.00	154.2653	1.20
690.00	0.00	158.5131	1.20
700.00	0.00	162.6457	1.20
710.00	0.00	166.4744	1.20
720.00	0.00	170.1194	1.20
730.00	0.00	173.4370	1.20
740.00	0.00	176.6738	1.20
750.00	0.00	179.7362	1.20
760.00	0.00	182.6709	1.20
770.00	0.00	185.3328	1.20
780.00	0.00	187.6319	1.20
790.00	0.00	189.9388	1.20
800.00	0.00	192.0141	1.20
810.00	0.00	193.9241	1.20
820.00	0.00	195.5564	1.20
830.00	0.00	197.0500	1.20
840.00	0.00	198.4559	1.20
850.00	0.00	199.6272	1.20
860.00	0.00	200.6580	1.20
870.00	0.00	201.4082	1.20
880.00	0.00	202.1077	1.20
890.00	0.00	202.6360	1.20
900.00	0.00	203.0186	1.20
910.00	0.00	203.2563	1.20
920.00	0.00	203.4473	1.20
930.00	0.00	203.4458	1.20
940.00	0.00	203.3470	1.20
950.00	0.00	203.1248	1.20
960.00	0.00	202.7085	1.20
970.00	0.00	202.2934	1.20
980.00	0.00	201.7270	1.20
990.00	0.00	202.1353	1.30
1000.00	0.00	202.4295	1.30
[END_OF_LAMPDATA]

# wavelength (nm)	bandwidth (nm)	reflectance	uncertainty (%, k=2)
[PANELDATA]
350.00	0.00	0.9760	0.01
360.00	0.00	0.9840	0.01
370.00	0.00	0.9860	0.01
380.00	0.00	0.9870	0.01
390.00	0.00	0.9890	0.01
400.00	0.00	0.9910	0.01
410.00	0.00	0.9910	0.01
420.00	0.00	0.9920	0.01
430.00	0.00	0.9960	0.01
440.00	0.00	0.9970	0.01
450.00	0.00	0.9940	0.01
460.00	0.00	0.9930	0.01
470.00	0.00	0.9930	0.01
480.00	0.00	0.9930	0.01
490.00	0.00	0.9930	0.01
500.00	0.00	0.9930	0.01
510.00	0.00	0.9920	0.01
520.00	0.00	0.9930	0.01
530.00	0.00	0.9920	0.01
540.00	0.00	0.9920	0.01
550.00	0.00	0.9910	0.01
560.00	0.00	0.9920	0.00
570.00	0.00	0.9910	0.00
580.00	0.00	0.9910	0.00
590.00	0.00	0.9900	0.00
600.00	0.00	0.9910	0.00
610.00	0.00	0.9900	0.00
620.00	0.00	0.9900	0.00
630.00	0.00	0.9890	0.00
640.00	0.00	0.9890	0.00
650.00	0.00	0.9890	0.00
660.00	0.00	0.9890	0.00
670.00	0.00	0.9880	0.00
680.00	0.00	0.9880	0.00
690.00	0.00	0.9870	0.00
700.00	0.00	0.9870	0.00
710.00	0.00	0.9870	0.00
720.00	0.00	0.9870	0.00
730.00	0.00	0.9860	0.00
740.00	0.00	0.9860	0.00
750.00	0.00	0.9850	0.00
760.00	0.00	0.9850	0.00
770.00	0.00	0.9840	0.00
780.00	0.00	0.9840	0.00
790.00	0.00	0.9840	0.00
800.00	0.00	0.9840	0.00
810.00	0.00	0.9840	0.00
820.00	0.00	0.9830	0.00
830.00	0.00	0.9830	0.00
840.00	0.00	0.9830	0.00
850.00	0.00	0.9820	0.00
860.00	0.00	0.9820	0.00
870.00	0.00	0.9810	0.00
880.00	0.00	0.9810	0.00
890.00	0.00	0.9810	0.00
900.00	0.00	0.9790	0.00
910.00	0.00	0.9770	0.00
920.00	0.00	0.9790	0.00
930.00	0.00	0.9780	0.00
940.00	0.00	0.9780	0.00
950.00	0.00	0.9780	0.00
960.00	0.00	0.9770	0.00
970.00	0.00	0.9780	0.00
980.00	0.00	0.9770	0.00
990.00	0.00	0.9770	0.00
1000.00	0.00	0.9780	0.00
1010.00	0.00	0.9770	0.00
1020.00	0.00	0.9780	0.00
1030.00	0.00	0.9770	0.00
1040.00	0.00	0.9770	0.00
1050.00	0.00	0.9780	0.00
1060.00	0.00	0.9780	0.00
1070.00	0.00	0.9780	0.00
1080.00	0.00	0.9770	0.00
1090.00	0.00	0.9780	0.00
1100.00	0.00	0.9780	0.00
1110.00	0.00	0.9780	0.00
1120.00	0.00	0.9780	0.00
1130.00	0.00	0.9770	0.00
1140.00	0.00	0.9770	0.00
1150.00	0.00	0.9760	0.00
1160.00	0.00	0.9760	0.00
1170.00	0.00	0.9750	0.00
1180.00	0.00	0.9740	0.00
1190.00	0.00	0.9730	0.00
1200.00	0.00	0.9730	0.00
1210.00	0.00	0.9740	0.00
1220.00	0.00	0.9750	0.00
1230.00	0.00	0.9750	0.00
1240.00	0.00	0.9760	0.00
1250.00	0.00	0.9760	0.00
1260.00	0.00	0.9750	0.00
1270.00	0.00	0.9760	0.00
1280.00	0.00	0.9760	0.00
1290.00	0.00	0.9760	0.00
1300.00	0.00	0.9760	0.00
1310.00	0.00	0.9750	0.00
1320.00	0.00	0.9760	0.00
1330.00	0.00	0.9750	0.00
1340.00	0.00	0.9750	0.00
1350.00	0.00	0.9740	0.00
1360.00	0.00	0.9730	0.00
1370.00	0.00	0.9720	0.00
1380.00	0.00	0.9720	0.00
1390.00	0.00	0.9710	0.00
1400.00	0.00	0.9710	0.00
1410.00	0.00	0.9720	0.00
1420.00	0.00	0.9720	0.00
1430.00	0.00	0.9720	0.00
1440.00	0.00	0.9710	0.00
1450.00	0.00	0.9720	0.00
1460.00	0.00	0.9720	0.00
1470.00	0.00	0.9720	0.00
1480.00	0.00	0.9720	0.00
1490.00	0.00	0.9720	0.00
1500.00	0.00	0.9720	0.00
1510.00	0.00	0.9720	0.00
1520.00	0.00	0.9720	0.00
1530.00	0.00	0.9720	0.00
1540.00	0.00	0.9710	0.00
1550.00	0.00	0.9710	0.00
1560.00	0.00	0.9710	0.00
1570.00	0.00	0.9710	0.00
1580.00	0.00	0.9710	0.00
1590.00	0.00	0.9700	0.00
1600.00	0.00	0.9700	0.00
1610.00	0.00	0.9700	0.00
1620.00	0.00	0.9690	0.00
1630.00	0.00	0.9680	0.00
1640.00	0.00	0.9670	0.00
1650.00	0.00	0.9650	0.00
1660.00	0.00	0.9630	0.01
1670.00	0.00	0.9620	0.01
1680.00	0.00	0.9580	0.01
1690.00	0.00	0.9560	0.01
1700.00	0.00	0.9550	0.01
[END_OF_PANELDATA]

[AMBIENT_TEMP]
21.0

# pixel no	wavelength (nm)	irradiance responsivity (unit depends on the device class)	uncertainty (%, k=2)	dark1	dark2 (content depends on the instrument class)	raw1	stdev1	raw2	stdev2
[CALDATA]
0	304.92	4	0.00	12	0.000000	64	0.00	32	0.00
1	308.24	0.393760	8.95	0.018843	0.023905	111.86	1.18	111.11	2.33
2	311.56	0.490456	5.72	0.018801	0.024010	152.96	1.41	153.41	1.93
3	314.88	0.562828	4.77	0.018732	0.023763	198.39	0.92	197.41	2.06
4	318.21	0.636620	4.04	0.018756	0.023872	248.76	0.90	247.61	2.11
5	321.53	0.696577	4.09	0.018735	0.023431	301.56	0.93	300.21	2.62
6	324.85	0.769071	3.00	0.018777	0.023873	359.92	0.88	362.71	1.99
7	328.18	0.801560	3.02	0.018749	0.023586	430.16	1.10	425.51	2.37
8	331.50	0.883411	2.51	0.018783	0.023931	511.06	1.15	511.01	1.98
9	334.83	0.968887	2.40	0.018749	0.023489	612.49	0.92	614.01	2.16
10	338.15	1.049203	2.28	0.018770	0.023890	736.82	1.23	733.61	2.23
11	341.48	1.174097	2.17	0.018725	0.023627	888.99	1.22	891.71	2.33
12	344.81	1.289451	2.06	0.018766	0.023697	1067.76	1.13	1070.81	2.24
13	348.13	1.416173	1.98	0.018735	0.023595	1274.46	1.19	1280.51	2.53
14	351.46	1.519912	1.90	0.018774	0.023765	1499.72	1.36	1501.51	2.24
15	354.79	1.608555	1.87	0.018753	0.023579	1720.99	1.15	1724.91	2.02
16	358.12	1.654540	1.85	0.018769	0.023614	1921.46	1.27	1925.01	2.41
17	361.45	1.660872	1.83	0.018734	0.023654	2083.16	1.11	2088.31	2.24
18	364.78	1.623907	1.84	0.018760	0.023783	2198.79	1.17	2202.61	2.51
19	368.11	1.561562	1.81	0.018729	0.023665	2279.19	1.26	2281.11	2.40
20	371.44	1.498559	1.82	0.018768	0.023861	2346.92	0.86	2350.21	2.88
21	374.78	1.438978	1.80	0.018736	0.023591	2419.36	1.11	2421.51	2.35
22	378.11	1.402058	1.82	0.018764	0.023473	2517.99	1.43	2523.21	3.32
23	381.44	1.383822	1.77	0.018723	0.023689	2650.32	0.82	2659.91	2.05
24	384.78	1.375453	1.77	0.018760	0.023725	2819.42	1.30	2827.91	2.30
25	388.11	1.384321	1.76	0.018748	0.023495	3033.59	0.98	3040.31	2.64
26	391.44	1.412607	1.74	0.018768	0.023725	3303.36	1.36	3307.61	2.39
27	394.78	1.456226	1.70	0.018729	0.023646	3618.82	1.12	3623.61	2.35
28	398.11	1.509560	1.66	0.018770	0.023509	3978.22	1.42	3985.01	2.02
29	401.45	1.572939	1.64	0.018721	0.023550	4392.96	1.07	4399.31	1.68
30	404.79	1.655316	1.64	0.018773	0.023410	4885.46	1.39	4893.01	2.17
31	408.12	1.755958	1.63	0.018736	0.023582	5465.56	1.30	5476.61	2.69
32	411.46	1.864399	1.63	0.018764	0.023486	6121.49	1.29	6133.41	3.43
33	414.80	1.982846	1.62	0.018737	0.023852	6858.66	0.86	6873.51	2.94
34	418.13	2.104426	1.61	0.018751	0.023605	7664.19	1.11	7680.11	2.33
35	421.47	2.221344	1.61	0.018726	0.023671	8509.79	1.17	8527.91	2.28
36	424.81	2.323343	1.61	0.018761	0.023834	9359.79	1.16	9379.11	2.66
37	428.15	2.405727	1.60	0.018739	0.023574	10178.56	1.48	10199.91	2.99
38	431.49	2.462329	1.60	0.018755	0.023386	10928.09	1.41	10950.21	2.79
39	434.83	2.496204	1.60	0.018737	0.023736	11587.66	1.21	11618.21	2.21
40	438.17	2.504018	1.59	0.018766	0.023326	12158.39	1.35	12191.61	2.38
41	441.51	2.487804	1.59	0.018730	0.023443	12621.99	1.22	12656.51	2.62
42	444.85	2.455875	1.59	0.018752	0.023287	13011.82	1.55	13043.11	2.38
43	448.19	2.409808	1.59	0.018733	0.023263	13310.92	1.72	13343.41	2.93
44	451.53	2.350772	1.58	0.018758	0.023398	13522.92	1.12	13556.61	2.50
45	454.87	2.283790	1.58	0.018735	0.023603	13660.39	1.65	13698.91	2.40
46	458.21	2.213045	1.58	0.018751	0.023312	13768.52	1.56	13803.51	3.33
47	461.55	2.145411	1.58	0.018727	0.023233	13869.62	1.65	13904.51	2.67
48	464.90	2.087502	1.58	0.018747	0.023366	14001.79	1.28	14044.31	2.25
49	468.24	2.036666	1.57	0.018743	0.023474	14181.42	1.51	14222.11	3.11
50	471.58	1.998667	1.57	0.018746	0.023328	14418.92	1.59	14465.31	2.26
51	474.92	1.974395	1.57	0.018740	0.023362	14748.12	1.47	14798.61	3.44
52	478.27	1.961375	1.57	0.018763	0.023269	15170.36	1.57	15219.21	3.11
53	481.61	1.956114	1.57	0.018730	0.023573	15658.39	1.62	15706.61	2.89
54	484.95	1.956133	1.57	0.018765	0.023409	16175.29	1.57	16235.51	2.26
55	488.30	1.949493	1.56	0.018728	0.023439	16664.72	1.75	16725.31	2.51
56	491.64	1.939582	1.56	0.018752	0.023391	17118.69	1.76	17180.21	2.65
57	494.98	1.932472	1.56	0.018733	0.023338	17584.86	1.84	17649.81	3.00
58	498.33	1.930843	1.56	0.018763	0.023288	18102.82	1.41	18171.51	2.83
59	501.67	1.938491	1.56	0.018738	0.023480	18714.42	1.66	18789.21	2.28
60	505.01	1.955635	1.56	0.018758	0.022994	19439.89	1.76	19518.21	2.67
61	508.36	1.982022	1.56	0.018738	0.023399	20259.19	1.62	20348.91	3.20
62	511.70	2.014463	1.56	0.018760	0.023533	21171.39	1.40	21265.51	2.60
63	515.04	2.054171	1.55	0.018734	0.023505	22174.62	1.90	22276.01	2.57
64	518.39	2.097590	1.55	0.018755	0.023319	23230.92	2.04	23346.81	2.85
65	521.73	2.143442	1.55	0.018733	0.023475	24356.76	1.88	24482.91	3.08
66	525.08	2.192230	1.55	0.018747	0.023441	25551.79	1.98	25688.31	2.67
67	528.42	2.242558	1.55	0.018744	0.023285	26780.76	2.15	26935.91	3.28
68	531.77	2.290614	1.55	0.018764	0.023356	28017.22	2.10	28188.71	3.32
69	535.11	2.334793	1.55	0.018735	0.023376	29240.86	2.32	29425.21	2.44
70	538.45	2.371761	1.55	0.018754	0.023373	30386.79	2.10	30590.11	3.90
71	541.80	2.399981	1.55	0.018752	0.023306	31446.52	2.21	31665.71	3.64
72	545.14	2.416381	1.55	0.018761	0.023141	32364.66	2.39	32599.31	3.19
73	548.49	2.415550	1.55	0.018731	0.023497	33069.12	2.45	33311.61	3.72
74	551.83	2.399863	1.55	0.018755	0.023230	33565.06	2.54	33820.61	3.16
75	555.17	2.368465	1.55	0.018734	0.023345	33849.29	2.41	34110.61	3.02
76	558.52	2.324945	1.55	0.018760	0.023296	33943.46	2.54	34206.11	3.82
77	561.86	2.276016	1.55	0.018730	0.023390	33905.46	2.07	34169.61	3.80
78	565.21	2.225361	1.55	0.018760	0.023300	33797.22	2.19	34060.21	3.68
79	568.55	2.173295	1.55	0.018737	0.023392	33618.56	2.23	33888.51	3.82
80	571.89	2.117501	1.55	0.018756	0.023304	33393.66	2.08	33657.61	3.58
81	575.24	2.059518	1.55	0.018726	0.023172	33111.46	2.20	33370.21	3.10
82	578.58	1.998615	1.55	0.018756	0.023171	32738.29	2.39	32994.41	3.39
83	581.92	1.938694	1.55	0.018736	0.023367	32332.92	2.32	32588.11	3.58
84	585.27	1.877915	1.55	0.018756	0.023293	31877.99	2.31	32128.11	2.84
85	588.61	1.817104	1.55	0.018727	0.023318	31386.92	2.40	31630.31	3.10
86	591.95	1.758160	1.55	0.018759	0.023493	30882.62	2.46	31122.71	3.12
87	595.29	1.700263	1.55	0.018729	0.023447	30368.22	2.38	30600.41	3.76
88	598.64	1.647962	1.55	0.018760	0.023450	29909.12	2.38	30138.81	3.20
89	601.98	1.609621	1.55	0.018727	0.023365	29670.66	2.08	29899.51	2.78
90	605.32	1.579338	1.55	0.018764	0.023185	29549.72	2.41	29781.61	2.76
91	608.66	1.552518	1.55	0.018728	0.023280	29481.22	2.09	29713.01	3.10
92	612.00	1.530480	1.55	0.018763	0.023377	29494.46	2.16	29724.81	2.98
93	615.34	1.512979	1.55	0.018736	0.023311	29574.79	2.13	29808.61	3.30
94	618.69	1.501262	1.55	0.018766	0.023196	29752.62	2.31	29992.71	2.48
95	622.03	1.495895	1.55	0.018723	0.023125	30042.69	2.16	30293.31	3.29
96	625.37	1.492918	1.55	0.018756	0.023366	30387.12	2.18	30642.91	3.03
97	628.71	1.490343	1.55	0.018742	0.023532	30726.32	2.34	30991.41	3.24
98	632.05	1.484630	1.55	0.018753	0.023236	30989.89	2.39	31264.71	3.13
99	635.39	1.470255	1.55	0.018733	0.023316	31078.96	2.21	31353.11	3.21
100	638.72	1.447241	1.55	0.018756	0.023488	30964.36	2.28	31239.71	3.78
101	642.06	1.417245	1.56	0.018754	0.023372	30685.19	2.19	30958.01	3.46
102	645.40	1.384049	1.56	0.018760	0.023019	30318.66	2.22	30586.51	3.32
103	648.74	1.352852	1.56	0.018744	0.023371	29976.89	1.94	30239.31	2.35
104	652.08	1.326336	1.56	0.018749	0.023419	29740.86	1.98	29997.61	3.39
105	655.42	1.304850	1.56	0.018745	0.023181	29610.72	1.88	29863.61	2.84
106	658.75	1.286377	1.56	0.018761	0.023141	29523.16	2.28	29778.51	3.63
107	662.09	1.267716	1.56	0.018741	0.023106	29408.16	2.16	29660.91	2.48
108	665.43	1.244190	1.56	0.018759	0.023476	29151.49	1.80	29402.01	2.85
109	668.76	1.219844	1.56	0.018723	0.023273	28869.72	2.22	29113.01	2.91
110	672.10	1.200290	1.56	0.018742	0.023149	28679.56	2.33	28922.11	3.03
111	675.43	1.181641	1.56	0.018717	0.023118	28500.42	2.03	28742.31	3.79
112	678.77	1.165511	1.57	0.018770	0.023479	28371.59	1.93	28612.51	2.71
113	682.10	1.151405	1.57	0.018737	0.023554	28288.82	1.89	28525.51	3.72
114	685.43	1.139739	1.57	0.018755	0.023468	28239.09	2.27	28480.71	2.97
115	688.77	1.128688	1.57	0.018744	0.023528	28210.52	2.23	28449.71	3.24
116	692.10	1.116445	1.57	0.018752	0.023516	28153.79	2.07	28389.41	3.03
117	695.43	1.102654	1.57	0.018738	0.023387	28044.36	2.36	28280.71	3.00
118	698.76	1.089066	1.57	0.018759	0.023171	27926.92	2.10	28165.71	2.97
119	702.09	1.075469	1.57	0.018727	0.023480	27803.16	1.85	28040.61	2.73
120	705.42	1.061830	1.58	0.018733	0.023381	27667.36	2.08	27903.01	3.31
121	708.75	1.050056	1.58	0.018717	0.023265	27566.36	2.01	27803.01	2.62
122	712.08	1.040061	1.58	0.018761	0.023276	27510.66	2.04	27745.61	3.62
123	715.41	1.032386	1.58	0.018735	0.023349	27492.42	2.06	27734.71	2.94
124	718.74	1.026235	1.58	0.018758	0.023266	27531.76	1.88	27770.01	2.79
125	722.07	1.022101	1.58	0.018729	0.023312	27602.19	2.14	27840.51	3.29
126	725.39	1.019170	1.59	0.018750	0.023464	27685.46	1.85	27928.31	2.85
127	728.72	1.016285	1.59	0.018723	0.023378	27763.16	1.80	28011.51	3.13
128	732.05	1.011278	1.59	0.018757	0.023351	27798.02	2.00	28046.21	3.02
129	735.37	1.004148	1.59	0.018734	0.023225	27784.82	2.15	28027.41	3.04
130	738.70	0.995160	1.59	0.018749	0.023155	27702.19	2.07	27944.51	3.10
131	742.02	0.983587	1.60	0.018730	0.023288	27533.49	1.76	27776.01	3.09
132	745.34	0.971187	1.60	0.018757	0.023452	27336.52	2.05	27576.31	3.40
133	748.67	0.957040	1.60	0.018725	0.023418	27086.09	2.00	27321.01	2.70
134	751.99	0.942145	1.60	0.018759	0.023429	26801.99	1.89	27038.01	3.15
135	755.31	0.927097	1.60	0.018726	0.023572	26513.79	1.91	26749.31	3.15
136	758.63	0.912364	1.61	0.018763	0.023435	26237.02	2.06	26466.91	2.66
137	761.95	0.898095	1.61	0.018734	0.023159	25954.42	1.67	26180.91	2.62
138	765.27	0.885085	1.61	0.018746	0.023181	25698.56	1.93	25920.71	2.91
139	768.59	0.873597	1.61	0.018736	0.023278	25482.02	1.74	25699.41	2.89
140	771.91	0.862481	1.62	0.018750	0.023079	25268.39	1.48	25482.41	3.08
141	775.22	0.850759	1.62	0.018736	0.023246	25028.06	1.92	25240.31	2.43
142	778.54	0.837671	1.62	0.018758	0.023128	24738.72	2.00	24950.21	2.80
143	781.85	0.822338	1.63	0.018726	0.023150	24394.92	1.79	24598.51	2.27
144	785.17	0.804921	1.63	0.018754	0.023255	23983.66	1.51	24180.21	3.22
145	788.48	0.784828	1.63	0.018721	0.023102	23480.86	1.71	23671.91	3.07
146	791.80	0.762492	1.64	0.018761	0.023014	22913.82	1.56	23093.11	2.97
147	795.11	0.740338	1.64	0.018724	0.023514	22326.99	1.50	22503.01	2.63
148	798.42	0.717296	1.64	0.018756	0.023275	21715.72	1.68	21883.31	2.96
149	801.73	0.693644	1.65	0.018721	0.023273	21066.89	1.69	21232.01	3.52
150	805.04	0.670126	1.65	0.018760	0.023267	20423.96	1.69	20582.31	3.30
151	808.35	0.646956	1.65	0.018711	0.023058	19787.59	1.73	19937.81	2.69
152	811.66	0.623539	1.66	0.018749	0.022957	19155.59	1.41	19285.91	2.42
153	814.96	0.602458	1.66	0.018725	0.023606	18545.59	1.52	18676.11	3.24
154	818.27	0.579100	1.67	0.018751	0.023046	17877.49	1.58	17999.01	3.14
155	821.57	0.557279	1.67	0.018728	0.023284	17244.06	1.38	17362.41	2.83
156	824.88	0.535355	1.67	0.018762	0.023288	16616.12	1.46	16726.21	2.38
157	828.18	0.513134	1.68	0.018732	0.023297	15969.36	1.33	16073.31	2.61
158	831.48	0.490901	1.68	0.018761	0.023246	15313.29	1.46	15413.61	2.36
159	834.79	0.468699	1.69	0.018731	0.023514	14665.29	1.40	14756.61	3.01
160	838.09	0.446949	1.69	0.018763	0.023202	14014.09	1.57	14102.81	2.31
161	841.39	0.425298	1.70	0.018734	0.023290	13377.09	1.36	13454.21	2.09
162	844.68	0.404244	1.70	0.018748	0.023160	12747.52	1.60	12815.21	2.26
163	847.98	0.384008	1.71	0.018736	0.023130	12125.86	1.10	12191.51	1.82
164	851.28	0.364533	1.71	0.018750	0.023425	11533.06	1.41	11593.71	2.12
165	854.57	0.346377	1.72	0.018738	0.023180	10980.66	1.09	11037.01	2.25
166	857.87	0.329514	1.72	0.018763	0.023417	10457.96	1.44	10514.41	2.07
167	861.16	0.313636	1.73	0.018729	0.023135	9970.79	1.22	10023.11	2.62
168	864.45	0.298817	1.74	0.018751	0.023109	9517.69	1.39	9563.11	1.97
169	867.75	0.285279	1.74	0.018732	0.023210	9093.29	1.32	9137.21	2.89
170	871.04	0.272997	1.75	0.018749	0.023079	8721.36	1.07	8757.71	2.16
171	874.33	0.262143	1.76	0.018731	0.023102	8377.46	1.22	8416.01	2.21
172	877.61	0.251665	1.76	0.018741	0.023057	8053.92	1.11	8089.81	2.21
173	880.90	0.242355	1.77	0.018730	0.023115	7756.32	1.14	7794.71	2.39
174	884.19	0.233580	1.78	0.018754	0.023191	7486.59	1.28	7521.51	2.23
175	887.47	0.225181	1.78	0.018739	0.023127	7231.62	1.23	7261.21	2.34
176	890.76	0.217625	1.80	0.018756	0.022988	6989.62	1.24	7020.01	3.18
177	894.04	0.210302	1.80	0.018723	0.023093	6748.39	1.42	6780.81	1.44
178	897.32	0.202430	1.81	0.018746	0.022922	6506.86	0.97	6532.31	1.91
179	900.60	0.195076	1.82	0.018725	0.023022	6268.19	1.30	6293.41	3.05
180	903.88	0.187861	1.82	0.018747	0.023315	6033.26	1.09	6058.41	2.04
181	907.16	0.180264	1.83	0.018740	0.023492	5794.62	0.92	5815.21	2.25
182	910.44	0.173071	1.84	0.018760	0.023211	5557.46	1.29	5579.71	1.79
183	913.71	0.165381	1.85	0.018722	0.023396	5321.59	1.03	5340.11	2.24
184	916.99	0.158083	1.86	0.018756	0.023069	5089.09	1.11	5108.11	2.60
185	920.26	0.151482	1.87	0.018734	0.023359	4868.19	1.09	4892.61	1.99
186	923.53	0.144597	1.88	0.018762	0.023430	4657.76	1.30	4675.01	2.22
187	926.80	0.138368	1.89	0.018742	0.023271	4447.62	1.06	4468.11	2.41
188	930.07	0.131522	1.90	0.018755	0.023224	4233.62	1.32	4249.21	2.17
189	933.34	0.124728	1.92	0.018721	0.023408	4011.29	0.94	4027.71	2.58
190	936.61	0.117628	1.92	0.018758	0.023110	3784.89	0.99	3799.11	2.13
191	939.87	0.110872	1.94	0.018726	0.023209	3569.72	1.08	3581.61	2.42
192	943.14	0.104917	1.95	0.018744	0.023230	3374.12	1.06	3386.81	2.49
193	946.40	0.099798	1.96	0.018716	0.023043	3200.52	0.93	3216.51	1.94
194	949.66	0.094777	1.97	0.018748	0.023038	3048.02	1.01	3058.31	2.16
195	952.92	0.090361	1.99	0.018734	0.023251	2904.99	1.09	2914.01	2.44
196	956.18	0.086251	2.04	0.018752	0.023514	2768.52	1.38	2777.91	3.38
197	959.44	0.082588	2.02	0.018737	0.023232	2646.89	1.13	2656.51	2.31
198	962.70	0.078994	2.02	0.018752	0.023374	2529.16	0.99	2539.11	1.73
199	965.95	0.075667	2.05	0.018722	0.023314	2418.52	0.89	2429.71	2.18
200	969.21	0.072121	2.09	0.018754	0.023277	2307.59	1.20	2316.61	2.93
201	972.46	0.068696	2.07	0.018720	0.023199	2199.82	1.12	2206.41	1.91
202	975.71	0.065431	2.09	0.018759	0.023075	2092.39	1.16	2098.81	1.95
203	978.96	0.062373	2.10	0.018725	0.023087	1987.16	0.93	1995.71	1.90
204	982.21	0.058892	2.14	0.018752	0.023367	1879.49	0.92	1886.01	2.06
205	985.45	0.055645	2.18	0.018718	0.023080	1773.02	1.00	1781.21	2.08
206	988.70	0.052089	2.24	0.018753	0.023194	1667.32	0.97	1671.71	2.50
207	991.94	0.048605	2.28	0.018719	0.023375	1559.66	1.21	1562.41	2.50
208	995.19	0.000000	1.85	0.018747	0.023181	1453.16	1.05	1457.41	1.87
209	998.43	0.000000	2.03	0.018730	0.023324	1342.96	1.09	1348.51	3.20
210	1001.67	0.000000	2.03	0.018742	0.023333	1232.09	1.13	1233.11	2.75
211	1004.90	0.000000	2.07	0.018725	0.023435	1119.72	0.95	1121.11	2.66
212	1008.14	0.000000	2.06	0.018753	0.023608	1005.39	1.24	1005.91	2.19
213	1011.38	0.000000	2.14	0.018729	0.023306	892.62	1.12	895.51	2.29
214	1014.61	0.000000	2.15	0.018754	0.023097	786.49	1.34	790.01	1.92
215	1017.84	0.000000	2.34	0.018722	0.023204	686.22	0.79	685.61	2.27
216	1021.07	0.000000	2.28	0.018747	0.023255	592.56	0.79	594.51	1.75
217	1024.30	0.000000	2.70	0.018722	0.023264	505.96	0.94	508.91	2.33
218	1027.53	0.000000	3.01	0.018769	0.023582	427.72	1.16	431.41	2.40
219	1030.75	0.000000	3.51	0.018726	0.023220	356.26	1.05	355.81	2.51
220	1033.98	0.000000	3.16	0.018752	0.023130	288.99	0.94	290.11	1.70
221	1037.20	0.000000	4.41	0.018733	0.023316	235.32	1.05	234.61	2.23
222	1040.42	0.000000	5.29	0.018750	0.023160	187.19	1.16	187.81	2.22
223	1043.64	0.000000	7.35	0.018741	0.023551	147.46	1.26	147.31	2.52
224	1046.86	0.000000	8.84	0.018769	0.023562	111.92	0.91	108.91	2.23
225	1050.07	0.000000	10.82	0.018712	0.023398	83.02	1.09	87.11	2.36
226	1053.29	0.000000	14.81	0.018753	0.023494	63.82	0.81	61.21	2.11
227	1056.50	0.000000	18.28	0.018723	0.023416	46.66	0.71	46.31	2.05
228	1059.71	0.000000	23.69	0.018764	0.023317	36.62	0.91	39.31	2.43
229	1062.92	0.000000	36.31	0.018722	0.023265	28.62	1.11	25.61	1.97
230	1066.13	0.000000	34.23	0.018766	0.023250	23.22	1.12	22.81	1.83
231	1069.33	0.000000	69.13	0.018732	0.023367	17.82	0.92	16.31	2.51
232	1072.54	0.000000	73.17	0.018760	0.023632	12.46	0.72	14.41	2.97
233	1075.74	0.000000	41.57	0.018738	0.023496	10.72	0.91	13.41	1.61
234	1078.94	0.000000	43.06	0.018758	0.023311	7.92	0.88	14.21	2.16
235	1082.14	0.000000	90.10	0.018742	0.023454	5.02	0.85	7.11	2.03
236	1085.34	0.000000	67.28	0.018751	0.023185	4.39	0.97	7.91	1.86
237	1088.53	0.000000	802.27	0.018718	0.023327	3.82	1.07	2.61	2.73
238	1091.73	0.000000	199.05	0.018750	0.023488	2.72	1.08	4.41	2.98
239	1094.92	0.000000	189.22	0.018747	0.023373	2.19	0.91	3.81	2.52
240	1098.11	0.000000	161.35	0.018754	0.023611	1.62	1.08	2.91	1.60
241	1101.30	0.000000	281.36	0.018742	0.023681	2.22	1.02	-0.59	2.34
242	1104.48	0.000000	100.55	0.018764	0.023439	1.06	0.96	4.61	1.99
243	1107.67	0.000000	10532.26	0.018747	0.023694	1.69	0.86	0.81	2.00
244	1110.85	0.000000	198.11	0.018766	0.023318	0.96	0.93	2.41	1.85
245	1114.03	0.000000	464.48	0.018741	0.023382	-0.21	1.07	-1.49	3.18
246	1117.21	0.000000	200.50	0.018776	0.023489	0.82	0.84	-1.69	2.07
247	1120.39	0.000000	508.64	0.018748	0.023425	-2.11	0.85	-2.09	2.61
248	1123.57	0.000000	437.34	0.018782	0.023452	-0.31	0.91	-1.09	2.00
249	1126.74	0.000000	126.89	0.018771	0.023678	-0.54	0.75	-3.09	1.75
250	1129.91	0.000000	295.10	0.018795	0.023548	-3.34	0.92	-3.09	2.05
251	1133.08	0.000000	216.44	0.018786	0.023328	-2.38	1.35	-3.39	2.29
252	1136.25	0.000000	304.83	0.018824	0.023833	-3.24	1.12	-0.09	2.26
253	1139.41	0.000000	719.01	0.018835	0.023445	-3.51	1.20	-2.39	2.22
254	1142.58	0.000000	301.90	0.018918	0.023546	-1.44	0.97	-2.49	2.63
255	1145.74	0.000000	125.22	0.019337	0.024343	0.22	0.93	-2.79	1.76
[END_OF_CALDATA]
