!FRM4SOC_CP
!TEMPDATA
# thermal characterization results

# comments start with # (ignored by the processor)
# no empty lines between the parameter signatures in [] and the parameter values
# parameters are case insensitive
# parameters can be inserted in any order, except the first two signatures
# columns are tab- or space-delimited

[VERSION]
0.1

[CALDATE]
2026-03-13 16:37:49

[CALLAB]
Tartu Observatory

[USER]
Ilmar Ansko

[DEVICE]
SAM_872B

[AMBIENT_TEMP]
21.0

[REFERENCE_TEMP]
20.0

#px	wl (nm)	cT (1/deg)	ucT (1/deg, k=2)
[CALDATA]
0	303.34	9.698E-005	2.002E-004
1	306.65	5.160E-003	4.531E-003
2	309.96	-1.926E-003	6.628E-003
3	313.27	3.381E-003	4.414E-003
4	316.58	-6.040E-004	4.087E-003
5	319.89	1.952E-003	3.061E-003
6	323.21	-1.845E-003	3.241E-003
7	326.52	8.329E-004	3.342E-003
8	329.84	-1.388E-004	2.541E-003
9	333.16	4.049E-005	2.051E-003
10	336.47	-2.213E-004	1.450E-003
11	339.79	-1.422E-004	1.166E-003
12	343.11	3.353E-004	9.918E-004
13	346.43	-5.968E-005	6.354E-004
14	349.75	8.935E-005	4.276E-004
15	353.07	1.303E-004	4.402E-004
16	356.40	1.925E-004	3.568E-004
17	359.72	2.287E-004	2.679E-004
18	363.04	3.140E-004	3.258E-004
19	366.37	1.679E-004	2.462E-004
20	369.69	2.889E-004	2.764E-004
21	373.02	-5.407E-006	2.443E-004
22	376.35	1.164E-004	2.590E-004
23	379.67	-8.788E-005	2.832E-004
24	383.00	-2.708E-005	2.459E-004
25	386.33	-1.215E-004	2.404E-004
26	389.66	-9.244E-005	2.304E-004
27	392.99	-1.098E-004	2.511E-004
28	396.32	-1.260E-004	2.365E-004
29	399.66	-1.013E-004	2.186E-004
30	402.99	-1.120E-004	2.427E-004
31	406.32	-6.708E-005	2.172E-004
32	409.65	-1.020E-004	2.336E-004
33	412.99	-4.764E-005	2.286E-004
34	416.32	-7.865E-005	2.280E-004
35	419.66	-3.132E-005	2.240E-004
36	422.99	-5.257E-005	2.202E-004
37	426.33	-1.146E-005	2.270E-004
38	429.67	1.864E-005	2.223E-004
39	433.01	1.791E-005	2.221E-004
40	436.34	4.036E-005	2.227E-004
41	439.68	3.424E-005	2.238E-004
42	443.02	4.961E-005	2.209E-004
43	446.36	4.927E-005	2.273E-004
44	449.70	8.279E-005	2.252E-004
45	453.04	1.038E-004	2.225E-004
46	456.38	1.590E-004	2.190E-004
47	459.72	1.696E-004	2.193E-004
48	463.06	1.931E-004	2.211E-004
49	466.41	1.915E-004	2.154E-004
50	469.75	1.927E-004	2.180E-004
51	473.09	1.945E-004	2.165E-004
52	476.43	1.740E-004	2.144E-004
53	479.78	1.677E-004	2.185E-004
54	483.12	1.878E-004	2.157E-004
55	486.46	2.590E-004	2.189E-004
56	489.81	3.281E-004	2.146E-004
57	493.15	3.897E-004	2.171E-004
58	496.50	4.449E-004	2.149E-004
59	499.84	4.837E-004	2.149E-004
60	503.19	4.955E-004	2.126E-004
61	506.53	5.218E-004	2.172E-004
62	509.88	5.167E-004	2.146E-004
63	513.22	5.317E-004	2.155E-004
64	516.57	5.338E-004	2.140E-004
65	519.92	5.438E-004	2.149E-004
66	523.26	5.512E-004	2.151E-004
67	526.61	5.589E-004	2.124E-004
68	529.96	5.654E-004	2.142E-004
69	533.30	5.737E-004	2.116E-004
70	536.65	5.947E-004	2.133E-004
71	540.00	6.133E-004	2.117E-004
72	543.35	6.537E-004	2.129E-004
73	546.69	6.890E-004	2.118E-004
74	550.04	7.465E-004	2.130E-004
75	553.39	7.838E-004	2.092E-004
76	556.74	8.352E-004	2.111E-004
77	560.08	8.648E-004	2.094E-004
78	563.43	8.952E-004	2.098E-004
79	566.78	9.108E-004	2.090E-004
80	570.13	9.144E-004	2.089E-004
81	573.47	9.172E-004	2.096E-004
82	576.82	9.264E-004	2.072E-004
83	580.17	9.336E-004	2.087E-004
84	583.52	9.478E-004	2.070E-004
85	586.86	9.662E-004	2.101E-004
86	590.21	9.579E-004	2.086E-004
87	593.56	9.557E-004	2.092E-004
88	596.91	9.381E-004	2.085E-004
89	600.25	9.423E-004	2.115E-004
90	603.60	9.313E-004	2.085E-004
91	606.95	9.348E-004	2.111E-004
92	610.29	9.334E-004	2.089E-004
93	613.64	9.360E-004	2.112E-004
94	616.99	9.221E-004	2.075E-004
95	620.33	9.167E-004	2.088E-004
96	623.68	9.168E-004	2.077E-004
97	627.02	9.283E-004	2.095E-004
98	630.37	9.719E-004	2.091E-004
99	633.72	1.037E-003	2.083E-004
100	637.06	1.126E-003	2.094E-004
101	640.40	1.214E-003	2.067E-004
102	643.75	1.311E-003	2.075E-004
103	647.09	1.377E-003	2.061E-004
104	650.44	1.434E-003	2.064E-004
105	653.78	1.460E-003	2.059E-004
106	657.12	1.495E-003	2.063E-004
107	660.47	1.507E-003	2.062E-004
108	663.81	1.531E-003	2.070E-004
109	667.15	1.546E-003	2.068E-004
110	670.49	1.562E-003	2.078E-004
111	673.84	1.557E-003	2.060E-004
112	677.18	1.569E-003	2.070E-004
113	680.52	1.590E-003	2.070E-004
114	683.86	1.603E-003	2.075E-004
115	687.20	1.625E-003	2.068E-004
116	690.54	1.635E-003	2.062E-004
117	693.88	1.667E-003	2.062E-004
118	697.21	1.680E-003	2.083E-004
119	700.55	1.697E-003	2.069E-004
120	703.89	1.737E-003	2.066E-004
121	707.23	1.766E-003	2.056E-004
122	710.56	1.778E-003	2.052E-004
123	713.90	1.804E-003	2.077E-004
124	717.24	1.821E-003	2.071E-004
125	720.57	1.837E-003	2.080E-004
126	723.90	1.836E-003	2.065E-004
127	727.24	1.819E-003	2.061E-004
128	730.57	1.804E-003	2.058E-004
129	733.90	1.774E-003	2.084E-004
130	737.24	1.772E-003	2.063E-004
131	740.57	1.784E-003	2.079E-004
132	743.90	1.835E-003	2.047E-004
133	747.23	1.904E-003	2.061E-004
134	750.56	1.975E-003	2.049E-004
135	753.88	2.070E-003	2.061E-004
136	757.21	2.145E-003	2.051E-004
137	760.54	2.250E-003	2.038E-004
138	763.87	2.345E-003	2.050E-004
139	767.19	2.460E-003	2.043E-004
140	770.52	2.545E-003	2.035E-004
141	773.84	2.629E-003	2.036E-004
142	777.16	2.697E-003	2.024E-004
143	780.49	2.773E-003	2.039E-004
144	783.81	2.824E-003	2.031E-004
145	787.13	2.886E-003	2.036E-004
146	790.45	2.949E-003	2.036E-004
147	793.77	3.014E-003	2.043E-004
148	797.09	3.088E-003	2.029E-004
149	800.41	3.145E-003	2.037E-004
150	803.72	3.215E-003	2.039E-004
151	807.04	3.289E-003	2.031E-004
152	810.35	3.354E-003	2.041E-004
153	813.67	3.403E-003	2.022E-004
154	816.98	3.457E-003	2.043E-004
155	820.29	3.459E-003	2.025E-004
156	823.61	3.476E-003	2.030E-004
157	826.92	3.446E-003	2.021E-004
158	830.23	3.423E-003	2.065E-004
159	833.53	3.360E-003	2.041E-004
160	836.84	3.355E-003	2.048E-004
161	840.15	3.358E-003	2.031E-004
162	843.45	3.393E-003	2.063E-004
163	846.76	3.426E-003	2.022E-004
164	850.06	3.500E-003	2.078E-004
165	853.36	3.539E-003	2.035E-004
166	856.66	3.626E-003	2.094E-004
167	859.97	3.689E-003	2.030E-004
168	863.26	3.769E-003	2.125E-004
169	866.56	3.856E-003	2.064E-004
170	869.86	3.928E-003	2.242E-004
171	873.15	4.048E-003	2.069E-004
172	876.45	4.063E-003	2.099E-004
173	879.74	4.212E-003	2.114E-004
174	883.04	4.260E-003	2.139E-004
175	886.33	4.340E-003	2.213E-004
176	889.62	4.358E-003	2.100E-004
177	892.91	4.471E-003	2.248E-004
178	896.19	4.516E-003	2.125E-004
179	899.48	4.552E-003	2.233E-004
180	902.76	4.586E-003	2.166E-004
181	906.05	4.621E-003	2.507E-004
182	909.33	4.645E-003	2.094E-004
183	912.61	4.636E-003	2.277E-004
184	915.89	4.603E-003	2.275E-004
185	919.17	4.525E-003	2.408E-004
186	922.45	4.405E-003	2.271E-004
187	925.72	4.229E-003	2.220E-004
188	929.00	3.981E-003	2.500E-004
189	932.27	3.717E-003	2.588E-004
190	935.54	3.459E-003	2.479E-004
191	938.81	3.019E-003	2.635E-004
192	942.08	2.755E-003	2.789E-004
193	945.35	2.243E-003	2.521E-004
194	948.62	1.899E-003	3.111E-004
195	951.88	1.148E-003	3.119E-004
196	955.15	5.819E-004	4.475E-004
197	958.41	-1.466E-004	3.735E-004
198	961.67	-3.675E-004	5.672E-004
199	964.93	-4.100E-004	3.405E-004
200	968.19	-3.107E-004	4.087E-004
201	971.44	4.061E-005	5.401E-004
202	974.70	8.016E-004	4.759E-004
203	977.95	1.585E-003	6.388E-004
204	981.20	2.384E-003	4.963E-004
205	984.45	3.424E-003	7.094E-004
206	987.70	4.079E-003	6.355E-004
207	990.95	4.704E-003	8.514E-004
208	994.19	5.365E-003	9.269E-004
209	997.43	6.121E-003	9.453E-004
210	1000.68	7.098E-003	6.809E-004
211	1003.92	7.359E-003	1.318E-003
212	1007.16	7.795E-003	7.681E-004
213	1010.39	8.293E-003	1.173E-003
214	1013.63	8.675E-003	1.363E-003
215	1016.86	9.041E-003	1.282E-003
216	1020.09	9.623E-003	1.811E-003
217	1023.32	9.026E-003	1.338E-003
218	1026.55	1.038E-002	1.884E-003
219	1029.78	8.867E-003	1.634E-003
220	1033.01	9.646E-003	3.592E-003
221	1036.23	1.077E-002	3.442E-003
222	1039.45	8.303E-003	5.730E-003
223	1042.67	3.721E-003	4.320E-003
224	1045.89	2.831E-003	8.477E-003
225	1049.11	5.375E-003	1.100E-002
226	1052.32	1.240E-003	1.797E-002
227	1055.53	-3.650E-003	1.932E-002
228	1058.74	-2.752E-004	3.415E-002
229	1061.95	-4.765E-003	4.402E-002
230	1065.16	1.237E-002	5.098E-002
231	1068.36	6.197E-003	5.100E-002
232	1071.57	2.220E-004	6.137E-002
233	1074.77	5.555E-002	1.106E-001
234	1077.97	1.009E-002	8.182E-002
235	1081.17	-1.390E-001	3.724E-001
236	1084.36	-1.781E-002	1.162E-001
237	1087.56	-2.480E-002	2.600E-001
238	1090.75	3.262E-002	3.886E-001
239	1093.94	2.976E-002	1.140E-001
240	1097.13	-6.555E-003	5.158E-001
241	1100.31	1.252E-001	5.435E-001
242	1103.50	-2.443E-001	2.934E-001
243	1106.68	-2.762E-001	1.040E+000
244	1109.86	-1.499E-002	2.985E-001
245	1113.04	3.805E-001	3.905E+000
246	1116.21	2.668E-002	4.082E-001
247	1119.38	-4.762E-002	5.196E-001
248	1122.56	-2.181E-002	1.385E-001
249	1125.73	-3.801E-002	1.278E-001
250	1128.89	1.103E-001	2.908E-001
251	1132.06	-3.130E-003	1.424E-001
252	1135.22	-2.521E-001	2.950E-001
253	1138.38	-1.658E-001	6.161E-001
254	1141.54	-9.114E-003	2.321E-001
255	1144.70	1.063E+000	2.532E+000
[END_OF_CALDATA]
