!FRM4SOC_CP
!POLDATA
# polarization sensitivity characterization results

# comments start with # (ignored by the processor)
# no empty lines between the parameter signatures in [] and the parameter values
# parameters are case insensitive
# parameters can be inserted in any order, except the first two signatures
# columns are tab- or space-delimited

# file format version
# type(s): string(255)
[VERSION]
0.1

# calibration date
# type(s): fixed format as shown
[CALDATE]
2026-03-17 09:20:56

# calibration lab name
# type(s): string(255)
[CALLAB]
Tartu Observatory

# calibration lab person to contact
# type(s): string(255)
[USER]
Riho Vendt

# serial number of the instrument
# type(s): string(255)
[DEVICE]
SAM_872B

# lab temperature (deg Celsius) during cal/char measurements
# type(s): single
[AMBIENT_TEMP]
21

# pixel no, wavelength (nm), semi-amplitude, uncertainty (k=2), angle of the max sensitivity plane (rad), uncertainty (rad, k=2)
# type(s): uint8, single, single, single, single, single
[CALDATA]
0	303.34	0.00E+00	0.00E+00	0.00E+00	0.00E+00
1	306.65	5.74E-03	1.39E-02	1.64E+02	7.09E+02
2	309.96	8.91E-03	8.58E-03	2.73E+01	1.61E+02
3	313.27	9.33E-03	1.20E-02	2.30E+02	1.15E+02
4	316.58	2.71E-03	9.21E-03	1.20E+02	2.53E+02
5	319.89	6.61E-03	6.95E-03	2.50E+02	6.74E+01
6	323.21	1.63E-02	7.81E-03	2.48E+02	3.15E+01
7	326.52	1.12E-02	4.30E-03	2.61E+02	2.27E+01
8	329.84	2.45E-03	4.90E-03	3.01E+02	1.52E+02
9	333.16	1.37E-03	4.55E-03	2.57E+02	2.00E+02
10	336.47	2.13E-03	2.70E-03	2.88E+02	7.97E+01
11	339.79	1.17E-03	2.69E-03	5.44E+01	1.88E+02
12	343.11	1.59E-03	1.91E-03	2.47E+02	8.08E+01
13	346.43	1.43E-03	1.35E-03	2.52E+02	6.00E+01
14	349.75	4.22E-04	1.05E-03	2.84E+01	4.01E+02
15	353.07	8.63E-04	7.54E-04	3.48E+02	3.26E+02
16	356.40	1.83E-04	9.06E-04	1.48E+02	6.94E+02
17	359.72	2.86E-04	5.24E-04	2.90E+01	2.87E+02
18	363.04	2.73E-04	3.79E-04	3.49E+02	5.69E+02
19	366.37	2.56E-04	3.32E-04	3.16E+02	1.32E+02
20	369.69	2.12E-04	4.02E-04	3.32E+02	3.05E+02
21	373.02	3.15E-04	3.54E-04	3.56E+02	1.38E+03
22	376.35	3.61E-04	4.08E-04	2.70E+01	1.91E+02
23	379.67	1.65E-04	4.81E-04	3.37E+02	5.83E+02
24	383.00	4.34E-04	3.92E-04	2.90E+02	5.80E+01
25	386.33	1.92E-04	2.34E-04	3.25E+02	1.56E+02
26	389.66	4.59E-04	2.81E-04	3.39E+02	1.32E+02
27	392.99	5.36E-04	2.98E-04	3.35E+02	1.03E+02
28	396.32	5.08E-04	1.74E-04	3.16E+02	3.45E+01
29	399.66	4.86E-04	1.63E-04	3.36E+02	6.29E+01
30	402.99	5.49E-04	1.87E-04	3.60E+02	2.05E+04
31	406.32	4.05E-04	1.61E-04	3.32E+02	6.46E+01
32	409.65	4.61E-04	1.75E-04	3.19E+02	4.20E+01
33	412.99	3.83E-04	1.11E-04	3.28E+02	4.06E+01
34	416.32	5.42E-04	8.86E-05	3.28E+02	2.32E+01
35	419.66	3.65E-04	1.02E-04	3.33E+02	4.79E+01
36	422.99	5.04E-04	9.09E-05	3.10E+02	1.60E+01
37	426.33	4.92E-04	9.75E-05	3.12E+02	1.86E+01
38	429.67	3.55E-04	8.22E-05	3.13E+02	2.19E+01
39	433.01	3.72E-04	7.59E-05	2.98E+02	1.48E+01
40	436.34	4.27E-04	4.92E-05	3.00E+02	8.68E+00
41	439.68	3.99E-04	7.64E-05	3.10E+02	1.71E+01
42	443.02	4.14E-04	6.02E-05	3.06E+02	1.21E+01
43	446.36	4.35E-04	7.55E-05	3.01E+02	1.32E+01
44	449.70	4.49E-04	5.51E-05	2.99E+02	9.00E+00
45	453.04	4.99E-04	4.00E-05	3.02E+02	6.32E+00
46	456.38	5.03E-04	6.60E-05	3.03E+02	1.03E+01
47	459.72	5.94E-04	5.35E-05	3.02E+02	6.96E+00
48	463.06	5.98E-04	5.24E-05	3.02E+02	6.84E+00
49	466.41	6.32E-04	6.43E-05	3.02E+02	7.87E+00
50	469.75	6.72E-04	4.89E-05	2.95E+02	5.26E+00
51	473.09	7.24E-04	5.00E-05	2.97E+02	5.11E+00
52	476.43	7.50E-04	5.85E-05	2.98E+02	5.76E+00
53	479.78	8.36E-04	6.42E-05	2.92E+02	5.33E+00
54	483.12	8.27E-04	7.25E-05	2.96E+02	6.33E+00
55	486.46	8.91E-04	5.91E-05	2.94E+02	4.76E+00
56	489.81	8.94E-04	6.25E-05	2.97E+02	5.15E+00
57	493.15	8.54E-04	6.55E-05	2.96E+02	5.55E+00
58	496.50	8.84E-04	6.57E-05	2.90E+02	5.08E+00
59	499.84	9.25E-04	7.98E-05	2.89E+02	5.75E+00
60	503.19	8.90E-04	7.08E-05	2.87E+02	5.30E+00
61	506.53	9.61E-04	6.65E-05	2.87E+02	4.67E+00
62	509.88	1.10E-03	6.15E-05	2.83E+02	3.85E+00
63	513.22	1.13E-03	6.59E-05	2.85E+02	4.02E+00
64	516.57	1.21E-03	6.79E-05	2.80E+02	3.82E+00
65	519.92	1.11E-03	6.50E-05	2.77E+02	3.92E+00
66	523.26	1.17E-03	6.87E-05	2.77E+02	3.90E+00
67	526.61	1.22E-03	5.69E-05	2.73E+02	3.30E+00
68	529.96	1.22E-03	6.64E-05	2.74E+02	3.69E+00
69	533.30	1.30E-03	7.20E-05	2.75E+02	3.74E+00
70	536.65	1.35E-03	6.93E-05	2.72E+02	3.53E+00
71	540.00	1.39E-03	6.90E-05	2.75E+02	3.45E+00
72	543.35	1.43E-03	6.73E-05	2.69E+02	3.32E+00
73	546.69	1.42E-03	7.56E-05	2.68E+02	3.62E+00
74	550.04	1.47E-03	8.36E-05	2.68E+02	3.79E+00
75	553.39	1.43E-03	8.54E-05	2.69E+02	3.93E+00
76	556.74	1.43E-03	8.23E-05	2.68E+02	3.82E+00
77	560.08	1.52E-03	7.56E-05	2.69E+02	3.44E+00
78	563.43	1.57E-03	7.47E-05	2.71E+02	3.35E+00
79	566.78	1.67E-03	8.47E-05	2.70E+02	3.49E+00
80	570.13	1.87E-03	1.01E-04	2.73E+02	3.66E+00
81	573.47	2.05E-03	1.01E-04	2.72E+02	3.43E+00
82	576.82	2.23E-03	1.07E-04	2.75E+02	3.37E+00
83	580.17	2.40E-03	1.10E-04	2.75E+02	3.26E+00
84	583.52	2.48E-03	1.13E-04	2.74E+02	3.26E+00
85	586.86	2.57E-03	1.25E-04	2.76E+02	3.41E+00
86	590.21	2.71E-03	1.31E-04	2.75E+02	3.39E+00
87	593.56	2.82E-03	1.37E-04	2.77E+02	3.42E+00
88	596.91	2.85E-03	1.28E-04	2.76E+02	3.23E+00
89	600.25	2.78E-03	1.27E-04	2.77E+02	3.28E+00
90	603.60	2.73E-03	1.18E-04	2.77E+02	3.16E+00
91	606.95	2.63E-03	1.19E-04	2.76E+02	3.25E+00
92	610.29	2.50E-03	1.27E-04	2.76E+02	3.50E+00
93	613.64	2.47E-03	1.47E-04	2.76E+02	3.95E+00
94	616.99	2.58E-03	1.42E-04	2.78E+02	3.74E+00
95	620.33	2.63E-03	1.51E-04	2.78E+02	3.86E+00
96	623.68	2.78E-03	1.37E-04	2.79E+02	3.46E+00
97	627.02	2.79E-03	1.23E-04	2.80E+02	3.21E+00
98	630.37	2.67E-03	1.27E-04	2.80E+02	3.39E+00
99	633.72	2.79E-03	1.34E-04	2.81E+02	3.41E+00
100	637.06	2.96E-03	1.50E-04	2.79E+02	3.53E+00
101	640.40	3.12E-03	1.63E-04	2.81E+02	3.63E+00
102	643.75	3.26E-03	1.70E-04	2.81E+02	3.64E+00
103	647.09	3.25E-03	1.60E-04	2.81E+02	3.48E+00
104	650.44	3.15E-03	1.40E-04	2.80E+02	3.24E+00
105	653.78	3.20E-03	1.45E-04	2.81E+02	3.29E+00
106	657.12	3.45E-03	1.76E-04	2.82E+02	3.59E+00
107	660.47	3.82E-03	1.83E-04	2.83E+02	3.43E+00
108	663.81	4.12E-03	2.03E-04	2.84E+02	3.52E+00
109	667.15	4.47E-03	2.17E-04	2.85E+02	3.49E+00
110	670.49	4.87E-03	2.25E-04	2.86E+02	3.38E+00
111	673.84	5.05E-03	2.14E-04	2.87E+02	3.21E+00
112	677.18	5.06E-03	2.19E-04	2.86E+02	3.24E+00
113	680.52	4.89E-03	2.02E-04	2.86E+02	3.14E+00
114	683.86	4.68E-03	2.03E-04	2.86E+02	3.25E+00
115	687.20	4.47E-03	2.08E-04	2.86E+02	3.40E+00
116	690.54	4.35E-03	2.10E-04	2.86E+02	3.49E+00
117	693.88	4.34E-03	2.28E-04	2.86E+02	3.72E+00
118	697.21	4.31E-03	2.23E-04	2.87E+02	3.69E+00
119	700.55	4.34E-03	2.06E-04	2.87E+02	3.48E+00
120	703.89	4.28E-03	1.88E-04	2.88E+02	3.28E+00
121	707.23	4.41E-03	1.87E-04	2.88E+02	3.22E+00
122	710.56	4.38E-03	1.88E-04	2.89E+02	3.26E+00
123	713.90	4.50E-03	2.05E-04	2.89E+02	3.40E+00
124	717.24	4.57E-03	2.22E-04	2.90E+02	3.59E+00
125	720.57	4.65E-03	2.40E-04	2.91E+02	3.78E+00
126	723.90	4.71E-03	2.59E-04	2.91E+02	3.98E+00
127	727.24	4.87E-03	2.31E-04	2.91E+02	3.55E+00
128	730.57	4.92E-03	2.40E-04	2.91E+02	3.62E+00
129	733.90	5.07E-03	2.27E-04	2.92E+02	3.40E+00
130	737.24	5.17E-03	2.26E-04	2.93E+02	3.36E+00
131	740.57	5.38E-03	2.31E-04	2.92E+02	3.30E+00
132	743.90	5.50E-03	2.35E-04	2.93E+02	3.31E+00
133	747.23	5.66E-03	2.45E-04	2.94E+02	3.35E+00
134	750.56	5.79E-03	2.61E-04	2.93E+02	3.45E+00
135	753.88	5.88E-03	2.86E-04	2.94E+02	3.67E+00
136	757.21	5.94E-03	3.05E-04	2.94E+02	3.86E+00
137	760.54	6.05E-03	3.03E-04	2.95E+02	3.79E+00
138	763.87	6.13E-03	2.98E-04	2.95E+02	3.69E+00
139	767.19	6.28E-03	2.84E-04	2.94E+02	3.48E+00
140	770.52	6.56E-03	2.93E-04	2.95E+02	3.45E+00
141	773.84	7.08E-03	2.99E-04	2.95E+02	3.32E+00
142	777.16	7.79E-03	3.21E-04	2.96E+02	3.26E+00
143	780.49	8.47E-03	3.52E-04	2.96E+02	3.30E+00
144	783.81	9.09E-03	3.91E-04	2.98E+02	3.43E+00
145	787.13	9.80E-03	4.17E-04	2.98E+02	3.39E+00
146	790.45	1.02E-02	4.46E-04	2.99E+02	3.49E+00
147	793.77	1.04E-02	4.67E-04	3.00E+02	3.60E+00
148	797.09	1.05E-02	4.82E-04	3.00E+02	3.68E+00
149	800.41	1.05E-02	4.74E-04	3.01E+02	3.63E+00
150	803.72	1.04E-02	4.55E-04	3.01E+02	3.57E+00
151	807.04	1.03E-02	4.38E-04	3.01E+02	3.49E+00
152	810.35	1.01E-02	4.30E-04	3.02E+02	3.52E+00
153	813.67	9.88E-03	4.22E-04	3.02E+02	3.51E+00
154	816.98	9.76E-03	4.09E-04	3.03E+02	3.48E+00
155	820.29	9.70E-03	4.10E-04	3.02E+02	3.50E+00
156	823.61	9.61E-03	3.97E-04	3.03E+02	3.43E+00
157	826.92	9.54E-03	4.23E-04	3.03E+02	3.66E+00
158	830.23	9.54E-03	4.07E-04	3.03E+02	3.54E+00
159	833.53	9.61E-03	4.27E-04	3.02E+02	3.65E+00
160	836.84	9.52E-03	4.28E-04	3.02E+02	3.69E+00
161	840.15	9.50E-03	4.46E-04	3.03E+02	3.86E+00
162	843.45	9.49E-03	4.40E-04	3.03E+02	3.82E+00
163	846.76	9.54E-03	4.11E-04	3.03E+02	3.57E+00
164	850.06	9.56E-03	4.08E-04	3.03E+02	3.55E+00
165	853.36	9.50E-03	4.11E-04	3.04E+02	3.61E+00
166	856.66	9.68E-03	4.02E-04	3.04E+02	3.48E+00
167	859.97	9.81E-03	4.11E-04	3.04E+02	3.53E+00
168	863.26	9.95E-03	4.11E-04	3.04E+02	3.47E+00
169	866.56	1.01E-02	4.24E-04	3.04E+02	3.53E+00
170	869.86	1.01E-02	4.27E-04	3.05E+02	3.55E+00
171	873.15	1.04E-02	4.35E-04	3.05E+02	3.55E+00
172	876.45	1.04E-02	4.40E-04	3.05E+02	3.58E+00
173	879.74	1.04E-02	4.76E-04	3.05E+02	3.85E+00
174	883.04	1.04E-02	4.96E-04	3.05E+02	4.02E+00
175	886.33	1.06E-02	4.63E-04	3.07E+02	3.76E+00
176	889.62	1.08E-02	4.65E-04	3.06E+02	3.69E+00
177	892.91	1.09E-02	4.60E-04	3.07E+02	3.65E+00
178	896.19	1.10E-02	4.74E-04	3.06E+02	3.71E+00
179	899.48	1.12E-02	4.68E-04	3.06E+02	3.57E+00
180	902.76	1.13E-02	4.65E-04	3.07E+02	3.56E+00
181	906.05	1.14E-02	4.87E-04	3.07E+02	3.67E+00
182	909.33	1.15E-02	4.80E-04	3.08E+02	3.62E+00
183	912.61	1.16E-02	4.92E-04	3.08E+02	3.71E+00
184	915.89	1.19E-02	5.00E-04	3.07E+02	3.62E+00
185	919.17	1.21E-02	5.15E-04	3.07E+02	3.67E+00
186	922.45	1.26E-02	5.39E-04	3.08E+02	3.74E+00
187	925.72	1.39E-02	5.85E-04	3.07E+02	3.64E+00
188	929.00	1.53E-02	6.46E-04	3.08E+02	3.69E+00
189	932.27	1.71E-02	7.30E-04	3.08E+02	3.71E+00
190	935.54	1.81E-02	7.75E-04	3.09E+02	3.75E+00
191	938.81	1.89E-02	8.28E-04	3.09E+02	3.86E+00
192	942.08	1.92E-02	8.18E-04	3.09E+02	3.76E+00
193	945.35	1.90E-02	8.30E-04	3.09E+02	3.84E+00
194	948.62	1.84E-02	8.02E-04	3.10E+02	3.89E+00
195	951.88	1.78E-02	7.75E-04	3.09E+02	3.85E+00
196	955.15	1.70E-02	7.28E-04	3.11E+02	3.84E+00
197	958.41	1.66E-02	7.23E-04	3.10E+02	3.86E+00
198	961.67	1.62E-02	7.52E-04	3.10E+02	4.13E+00
199	964.93	1.59E-02	6.67E-04	3.09E+02	3.68E+00
200	968.19	1.66E-02	7.18E-04	3.09E+02	3.83E+00
201	971.44	1.77E-02	7.87E-04	3.08E+02	3.88E+00
202	974.70	1.94E-02	8.66E-04	3.10E+02	3.97E+00
203	977.95	2.16E-02	9.34E-04	3.11E+02	3.88E+00
204	981.20	2.37E-02	9.89E-04	3.12E+02	3.78E+00
205	984.45	2.58E-02	1.10E-03	3.12E+02	3.88E+00
206	987.70	2.85E-02	1.24E-03	3.10E+02	3.88E+00
207	990.95	2.97E-02	1.25E-03	3.12E+02	3.81E+00
208	994.19	2.96E-02	1.28E-03	3.13E+02	4.00E+00
209	997.43	3.10E-02	1.42E-03	3.13E+02	4.23E+00
210	1000.68	3.11E-02	1.39E-03	3.12E+02	4.06E+00
211	1003.92	3.11E-02	1.48E-03	3.14E+02	4.50E+00
212	1007.16	3.03E-02	1.37E-03	3.15E+02	4.30E+00
213	1010.39	3.00E-02	1.55E-03	3.13E+02	4.85E+00
214	1013.63	2.93E-02	1.32E-03	3.14E+02	4.23E+00
215	1016.86	2.85E-02	1.62E-03	3.17E+02	5.74E+00
216	1020.09	2.76E-02	1.77E-03	3.16E+02	6.41E+00
217	1023.32	2.49E-02	1.74E-03	3.14E+02	6.74E+00
218	1026.55	2.46E-02	1.72E-03	3.15E+02	6.84E+00
219	1029.78	2.39E-02	2.86E-03	3.13E+02	1.13E+01
220	1033.01	1.88E-02	2.34E-03	3.15E+02	1.22E+01
221	1036.23	2.22E-02	2.64E-03	3.12E+02	1.10E+01
222	1039.45	1.77E-02	3.36E-03	3.25E+02	2.41E+01
223	1042.67	1.26E-02	5.15E-03	3.17E+02	4.21E+01
224	1045.89	9.96E-03	9.54E-03	3.36E+02	1.86E+02
225	1049.11	9.28E-03	8.22E-03	3.45E+02	2.72E+02
226	1052.32	1.31E-02	1.05E-02	2.58E+02	4.83E+01
227	1055.53	1.37E-02	1.85E-02	3.48E+02	5.28E+02
228	1058.74	2.32E-02	3.03E-02	4.16E+01	1.41E+02
229	1061.95	5.80E-02	3.58E-02	3.26E+01	8.57E+01
230	1065.16	9.38E-03	4.26E-02	2.56E+01	8.12E+02
231	1068.36	1.20E-01	7.50E-02	2.55E+02	3.82E+01
232	1071.57	1.12E-01	7.59E-02	2.64E+02	3.92E+01
233	1074.77	2.04E-02	6.29E-02	3.03E+02	2.39E+02
234	1077.97	5.95E-02	1.05E-01	3.10E+02	1.58E+02
235	1081.17	2.85E-01	2.23E-01	2.69E+02	4.50E+01
236	1084.36	1.55E-01	2.27E-01	3.59E+02	5.23E+03
237	1087.56	2.02E-01	2.23E-01	2.52E+02	7.01E+01
238	1090.75	4.89E-01	5.25E-01	4.47E+01	1.07E+02
239	1093.94	9.83E+00	1.03E+01	8.87E+01	6.02E+01
240	1097.13	5.15E+00	6.37E+00	2.80E+02	7.33E+01
241	1100.31	1.66E-01	2.51E-01	1.17E+02	1.06E+02
242	1103.50	6.48E-01	1.33E+00	2.52E+02	1.30E+02
243	1106.68	2.16E+00	1.77E+00	5.20E+01	6.99E+01
244	1109.86	3.29E-01	6.15E-01	2.83E+02	1.13E+02
245	1113.04	1.12E+00	9.85E-01	3.14E+02	8.53E+01
246	1116.21	8.78E-01	1.10E+00	8.39E+01	7.25E+01
247	1119.38	8.92E-01	7.08E+00	3.04E+02	6.29E+02
248	1122.56	1.55E+00	6.28E-01	2.87E+02	2.54E+01
249	1125.73	8.25E+00	2.14E+01	5.85E+01	1.97E+02
250	1128.89	1.53E+01	1.56E+01	5.60E+01	8.06E+01
251	1132.06	3.17E-01	5.79E-01	3.51E+02	9.83E+02
252	1135.22	1.83E+00	1.22E+00	4.57E+01	6.49E+01
253	1138.38	1.17E+00	1.21E+00	1.39E+02	1.13E+02
254	1141.54	1.30E-01	5.58E-01	1.14E+02	2.92E+02
255	1144.70	1.36E-01	2.19E-01	1.58E+02	3.34E+02
[END_OF_CALDATA]
