!FRM4SOC_CP
!TEMPDATA
# thermal characterization results

# comments start with # (ignored by the processor)
# no empty lines between the parameter signatures in [] and the parameter values
# parameters are case insensitive
# parameters can be inserted in any order, except the first two signatures
# columns are tab- or space-delimited

[VERSION]
0.1

[CALDATE]
2026-03-14 18:13:20

[CALLAB]
Tartu Observatory

[USER]
Ilmar Ansko

[DEVICE]
SAM_8727

[AMBIENT_TEMP]
21.0

[REFERENCE_TEMP]
20.0

#px	wl (nm)	cT (1/deg)	ucT (1/deg, k=2)
[CALDATA]
0	302.55	6.438E-005	2.001E-004
1	305.87	2.549E-003	6.275E-003
2	309.19	1.790E-003	5.632E-003
3	312.52	-2.028E-003	8.553E-003
4	315.84	2.727E-003	6.049E-003
5	319.17	1.109E-003	6.863E-003
6	322.49	2.077E-003	5.687E-003
7	325.82	8.946E-004	4.429E-003
8	329.15	-2.501E-003	3.238E-003
9	332.48	-9.315E-004	4.057E-003
10	335.80	-5.827E-004	1.888E-003
11	339.13	-6.383E-004	1.785E-003
12	342.46	3.362E-004	1.292E-003
13	345.80	-3.064E-004	9.803E-004
14	349.13	-1.829E-004	8.888E-004
15	352.46	-1.674E-004	6.126E-004
16	355.79	-5.719E-005	4.702E-004
17	359.13	-9.756E-006	4.410E-004
18	362.46	1.270E-005	3.478E-004
19	365.80	-2.379E-004	3.911E-004
20	369.14	-1.920E-005	3.413E-004
21	372.47	-2.207E-004	3.018E-004
22	375.81	-1.721E-004	3.148E-004
23	379.15	-2.252E-004	3.468E-004
24	382.49	-3.126E-004	2.865E-004
25	385.83	-3.233E-004	3.153E-004
26	389.16	-3.462E-004	2.961E-004
27	392.51	-3.078E-004	3.104E-004
28	395.85	-3.147E-004	2.912E-004
29	399.19	-3.942E-004	2.984E-004
30	402.53	-3.312E-004	3.169E-004
31	405.87	-2.024E-004	3.710E-004
32	409.22	-3.272E-004	2.642E-004
33	412.56	-2.767E-004	2.889E-004
34	415.90	-2.894E-004	2.914E-004
35	419.25	-2.642E-004	2.831E-004
36	422.59	-2.683E-004	2.991E-004
37	425.94	-2.356E-004	2.917E-004
38	429.28	-1.892E-004	2.859E-004
39	432.63	-1.979E-004	2.863E-004
40	435.98	-1.486E-004	2.797E-004
41	439.32	-1.511E-004	2.787E-004
42	442.67	-1.483E-004	2.798E-004
43	446.02	-1.317E-004	2.839E-004
44	449.37	-1.270E-004	2.741E-004
45	452.72	-8.975E-005	2.636E-004
46	456.06	-4.138E-005	2.715E-004
47	459.41	-2.320E-005	2.671E-004
48	462.76	1.564E-005	2.648E-004
49	466.11	2.175E-005	2.669E-004
50	469.46	3.221E-005	2.702E-004
51	472.81	3.659E-005	2.695E-004
52	476.16	1.876E-006	2.698E-004
53	479.51	2.223E-006	2.677E-004
54	482.87	1.142E-005	2.678E-004
55	486.22	4.824E-005	2.645E-004
56	489.57	1.241E-004	2.728E-004
57	492.92	2.086E-004	2.696E-004
58	496.27	2.620E-004	2.699E-004
59	499.62	3.172E-004	2.724E-004
60	502.98	3.319E-004	2.734E-004
61	506.33	3.600E-004	2.705E-004
62	509.68	3.756E-004	2.659E-004
63	513.04	3.817E-004	2.731E-004
64	516.39	3.771E-004	2.656E-004
65	519.74	3.888E-004	2.698E-004
66	523.09	3.808E-004	2.702E-004
67	526.45	3.946E-004	2.665E-004
68	529.80	3.871E-004	2.690E-004
69	533.15	4.146E-004	2.710E-004
70	536.51	4.199E-004	2.610E-004
71	539.86	4.502E-004	2.650E-004
72	543.22	4.843E-004	2.608E-004
73	546.57	5.337E-004	2.603E-004
74	549.92	5.868E-004	2.632E-004
75	553.28	6.453E-004	2.608E-004
76	556.63	6.879E-004	2.588E-004
77	559.98	7.290E-004	2.589E-004
78	563.34	7.580E-004	2.573E-004
79	566.69	7.761E-004	2.558E-004
80	570.04	7.954E-004	2.555E-004
81	573.40	7.888E-004	2.568E-004
82	576.75	8.011E-004	2.555E-004
83	580.10	7.994E-004	2.545E-004
84	583.46	8.024E-004	2.539E-004
85	586.81	8.138E-004	2.577E-004
86	590.16	8.085E-004	2.554E-004
87	593.51	8.132E-004	2.529E-004
88	596.87	8.273E-004	2.493E-004
89	600.22	8.366E-004	2.498E-004
90	603.57	8.454E-004	2.504E-004
91	606.92	8.598E-004	2.538E-004
92	610.28	8.596E-004	2.579E-004
93	613.63	8.575E-004	2.537E-004
94	616.98	8.536E-004	2.544E-004
95	620.33	8.436E-004	2.579E-004
96	623.68	8.331E-004	2.505E-004
97	627.03	8.318E-004	2.523E-004
98	630.38	8.548E-004	2.544E-004
99	633.73	8.949E-004	2.554E-004
100	637.08	9.660E-004	2.506E-004
101	640.43	1.071E-003	2.466E-004
102	643.78	1.155E-003	2.471E-004
103	647.13	1.247E-003	2.435E-004
104	650.48	1.306E-003	2.418E-004
105	653.82	1.333E-003	2.416E-004
106	657.17	1.338E-003	2.464E-004
107	660.52	1.354E-003	2.488E-004
108	663.87	1.396E-003	2.531E-004
109	667.21	1.424E-003	2.494E-004
110	670.56	1.434E-003	2.481E-004
111	673.90	1.459E-003	2.514E-004
112	677.25	1.469E-003	2.441E-004
113	680.59	1.481E-003	2.458E-004
114	683.94	1.522E-003	2.468E-004
115	687.28	1.520E-003	2.475E-004
116	690.63	1.546E-003	2.463E-004
117	693.97	1.567E-003	2.460E-004
118	697.31	1.598E-003	2.479E-004
119	700.65	1.618E-003	2.443E-004
120	703.99	1.639E-003	2.429E-004
121	707.33	1.682E-003	2.428E-004
122	710.67	1.700E-003	2.436E-004
123	714.01	1.709E-003	2.454E-004
124	717.35	1.723E-003	2.401E-004
125	720.69	1.719E-003	2.447E-004
126	724.03	1.708E-003	2.435E-004
127	727.37	1.695E-003	2.426E-004
128	730.70	1.666E-003	2.447E-004
129	734.04	1.650E-003	2.413E-004
130	737.37	1.648E-003	2.438E-004
131	740.71	1.674E-003	2.455E-004
132	744.04	1.748E-003	2.399E-004
133	747.37	1.811E-003	2.383E-004
134	750.71	1.914E-003	2.378E-004
135	754.04	2.001E-003	2.377E-004
136	757.37	2.094E-003	2.361E-004
137	760.70	2.171E-003	2.343E-004
138	764.03	2.250E-003	2.346E-004
139	767.36	2.342E-003	2.358E-004
140	770.69	2.419E-003	2.333E-004
141	774.01	2.483E-003	2.379E-004
142	777.34	2.556E-003	2.353E-004
143	780.67	2.630E-003	2.343E-004
144	783.99	2.697E-003	2.340E-004
145	787.31	2.769E-003	2.308E-004
146	790.64	2.826E-003	2.325E-004
147	793.96	2.908E-003	2.337E-004
148	797.28	2.996E-003	2.341E-004
149	800.60	3.078E-003	2.288E-004
150	803.92	3.171E-003	2.349E-004
151	807.24	3.227E-003	2.279E-004
152	810.56	3.299E-003	2.277E-004
153	813.87	3.360E-003	2.267E-004
154	817.19	3.401E-003	2.254E-004
155	820.50	3.416E-003	2.251E-004
156	823.82	3.425E-003	2.271E-004
157	827.13	3.384E-003	2.257E-004
158	830.44	3.341E-003	2.220E-004
159	833.75	3.278E-003	2.286E-004
160	837.06	3.301E-003	2.255E-004
161	840.37	3.299E-003	2.204E-004
162	843.68	3.340E-003	2.263E-004
163	846.99	3.403E-003	2.141E-004
164	850.29	3.452E-003	2.235E-004
165	853.60	3.513E-003	2.235E-004
166	856.90	3.599E-003	2.151E-004
167	860.21	3.643E-003	2.130E-004
168	863.51	3.743E-003	2.172E-004
169	866.81	3.812E-003	2.114E-004
170	870.11	3.868E-003	2.110E-004
171	873.41	3.966E-003	2.146E-004
172	876.70	4.038E-003	2.161E-004
173	880.00	4.111E-003	2.181E-004
174	883.29	4.158E-003	2.085E-004
175	886.59	4.219E-003	2.179E-004
176	889.88	4.270E-003	2.173E-004
177	893.17	4.300E-003	2.143E-004
178	896.46	4.308E-003	2.125E-004
179	899.75	4.379E-003	2.197E-004
180	903.03	4.346E-003	2.173E-004
181	906.32	4.425E-003	2.306E-004
182	909.61	4.400E-003	2.098E-004
183	912.89	4.410E-003	2.216E-004
184	916.17	4.389E-003	2.173E-004
185	919.45	4.331E-003	2.240E-004
186	922.73	4.248E-003	2.288E-004
187	926.01	4.147E-003	2.259E-004
188	929.29	3.899E-003	2.340E-004
189	932.56	3.730E-003	2.329E-004
190	935.84	3.412E-003	2.369E-004
191	939.11	3.094E-003	2.471E-004
192	942.38	2.924E-003	2.648E-004
193	945.65	2.462E-003	2.670E-004
194	948.92	2.032E-003	2.875E-004
195	952.19	1.392E-003	3.156E-004
196	955.45	7.751E-004	2.942E-004
197	958.72	3.481E-004	3.396E-004
198	961.98	-6.070E-005	2.904E-004
199	965.24	2.217E-005	3.458E-004
200	968.50	6.561E-004	3.231E-004
201	971.76	7.735E-004	3.525E-004
202	975.02	1.599E-003	3.809E-004
203	978.27	1.919E-003	3.794E-004
204	981.52	2.665E-003	4.384E-004
205	984.78	3.193E-003	4.692E-004
206	988.03	3.729E-003	5.082E-004
207	991.28	4.288E-003	5.088E-004
208	994.52	5.594E-003	5.251E-004
209	997.77	5.958E-003	4.538E-004
210	1001.01	6.972E-003	5.202E-004
211	1004.26	6.943E-003	6.773E-004
212	1007.50	7.781E-003	6.216E-004
213	1010.74	8.121E-003	6.669E-004
214	1013.98	8.261E-003	7.447E-004
215	1017.21	9.151E-003	1.015E-003
216	1020.45	8.938E-003	6.499E-004
217	1023.68	9.347E-003	6.893E-004
218	1026.91	9.386E-003	1.043E-003
219	1030.14	9.756E-003	1.116E-003
220	1033.37	9.322E-003	1.500E-003
221	1036.59	1.034E-002	1.287E-003
222	1039.82	8.726E-003	2.099E-003
223	1043.04	1.002E-002	1.738E-003
224	1046.26	7.677E-003	2.725E-003
225	1049.48	8.318E-003	3.190E-003
226	1052.70	7.922E-003	4.020E-003
227	1055.91	6.738E-003	6.336E-003
228	1059.13	9.462E-003	7.652E-003
229	1062.34	5.133E-003	1.077E-002
230	1065.55	-1.292E-003	1.282E-002
231	1068.75	7.800E-003	1.550E-002
232	1071.96	-1.360E-003	2.247E-002
233	1075.17	2.047E-002	2.672E-002
234	1078.37	-3.813E-003	4.859E-002
235	1081.57	1.900E-002	3.972E-002
236	1084.77	4.716E-002	7.216E-002
237	1087.96	1.778E-002	5.891E-002
238	1091.16	-2.059E-003	1.310E-001
239	1094.35	2.412E-002	8.312E-002
240	1097.54	-9.701E-002	1.880E+000
241	1100.73	-1.402E-002	7.715E-002
242	1103.92	6.239E-002	1.705E+000
243	1107.10	-6.468E-002	8.531E-002
244	1110.28	-4.678E-002	8.439E-002
245	1113.46	-1.034E-001	3.285E-001
246	1116.64	-8.200E-002	1.624E-001
247	1119.82	1.916E+000	6.096E+000
248	1122.99	-5.707E-003	1.843E-001
249	1126.17	5.230E-002	9.960E-001
250	1129.34	-1.409E-003	1.023E-001
251	1132.51	-4.309E-003	1.362E-001
252	1135.67	-5.593E-002	1.012E-001
253	1138.84	1.621E-001	2.161E-001
254	1142.00	-4.744E-002	3.281E-001
255	1145.16	4.483E-001	6.641E-001
[END_OF_CALDATA]
