!FRM4SOC_CP
!RADCAL
# radiometric calibration coefs & linearity, lamp and panel data

# comments start with # (ignored by the processor)
# no empty lines between the parameter signatures in [] and the parameter values
# parameters are case insensitive
# parameters can be inserted in any order, except the first two signatures
# columns are tab- or space-delimited

[VERSION]
0.1

[CALDATE]
2026-03-11 11:13:42

[CALLAB]
Tartu Observatory

[USER]
Riho Vendt

[LAMP_ID]
TO_7

[PANEL_ID]
SG3151/1

[DEVICE]
SAM_8831

# Correlated color temperature (K)
[LAMP_CCT]
2977.5

# wavelength (nm)	bandwidth (nm)	irradiance (mW/m2/nm)	uncertainty (%, k=2)
[LAMPDATA]
300.00	0.00	1.3608	1.50
310.00	0.00	1.9372	1.50
320.00	0.00	2.6358	1.50
330.00	0.00	3.5407	1.40
340.00	0.00	4.6380	1.40
350.00	0.00	5.9914	1.30
360.00	0.00	7.6027	1.30
370.00	0.00	9.4767	1.30
380.00	0.00	11.6461	1.30
390.00	0.00	14.1614	1.30
400.00	0.00	16.9229	1.20
410.00	0.00	19.9376	1.20
420.00	0.00	23.2677	1.20
430.00	0.00	26.8840	1.20
440.00	0.00	30.7867	1.20
450.00	0.00	35.0344	1.20
460.00	0.00	39.4359	1.20
470.00	0.00	44.1128	1.20
480.00	0.00	48.9542	1.20
490.00	0.00	54.0952	1.20
500.00	0.00	59.2452	1.20
510.00	0.00	64.6754	1.20
520.00	0.00	69.9903	1.20
530.00	0.00	75.6024	1.20
540.00	0.00	81.1717	1.20
550.00	0.00	86.8574	1.20
560.00	0.00	92.5627	1.20
570.00	0.00	98.1045	1.20
580.00	0.00	103.8197	1.20
590.00	0.00	109.4881	1.20
600.00	0.00	114.8400	1.20
610.00	0.00	120.2473	1.20
620.00	0.00	125.5000	1.20
630.00	0.00	130.7785	1.20
640.00	0.00	135.7258	1.20
650.00	0.00	140.4710	1.20
660.00	0.00	145.4703	1.20
670.00	0.00	149.9922	1.20
680.00	0.00	154.2653	1.20
690.00	0.00	158.5131	1.20
700.00	0.00	162.6457	1.20
710.00	0.00	166.4744	1.20
720.00	0.00	170.1194	1.20
730.00	0.00	173.4370	1.20
740.00	0.00	176.6738	1.20
750.00	0.00	179.7362	1.20
760.00	0.00	182.6709	1.20
770.00	0.00	185.3328	1.20
780.00	0.00	187.6319	1.20
790.00	0.00	189.9388	1.20
800.00	0.00	192.0141	1.20
810.00	0.00	193.9241	1.20
820.00	0.00	195.5564	1.20
830.00	0.00	197.0500	1.20
840.00	0.00	198.4559	1.20
850.00	0.00	199.6272	1.20
860.00	0.00	200.6580	1.20
870.00	0.00	201.4082	1.20
880.00	0.00	202.1077	1.20
890.00	0.00	202.6360	1.20
900.00	0.00	203.0186	1.20
910.00	0.00	203.2563	1.20
920.00	0.00	203.4473	1.20
930.00	0.00	203.4458	1.20
940.00	0.00	203.3470	1.20
950.00	0.00	203.1248	1.20
960.00	0.00	202.7085	1.20
970.00	0.00	202.2934	1.20
980.00	0.00	201.7270	1.20
990.00	0.00	202.1353	1.30
1000.00	0.00	202.4295	1.30
[END_OF_LAMPDATA]

[AMBIENT_TEMP]
21.0

# pixel no	wavelength (nm)	irradiance responsivity (unit depends on the device class)	uncertainty (%, k=2)	dark1	dark2 (content depends on the instrument class)	raw1	stdev1	raw2	stdev2
[CALDATA]
0	303.26	5	0.00	12	0.000000	128	0.00	64	0.00
1	306.57	0.048474	9.76	0.017881	0.020115	92.97	0.94	89.22	1.98
2	309.88	0.054896	8.76	0.017786	0.020511	109.17	1.19	108.82	2.23
3	313.20	0.058046	6.15	0.017746	0.020540	132.02	0.96	129.72	1.78
4	316.51	0.068350	4.47	0.017746	0.020395	155.47	0.85	160.82	1.60
5	319.82	0.071220	5.10	0.017755	0.020332	188.82	0.71	190.02	2.22
6	323.14	0.076259	3.96	0.017766	0.020422	220.27	1.03	223.32	1.86
7	326.45	0.079771	3.66	0.017777	0.020576	254.67	0.85	257.92	1.98
8	329.77	0.083058	3.40	0.017756	0.020415	296.47	0.96	297.82	2.06
9	333.09	0.088860	2.80	0.017759	0.020499	347.27	1.10	349.12	1.69
10	336.40	0.094763	2.86	0.017740	0.020203	404.62	1.12	407.02	2.11
11	339.72	0.101602	2.58	0.017763	0.020681	483.57	1.26	481.32	2.03
12	343.04	0.112754	2.49	0.017738	0.020614	573.57	1.11	576.82	2.30
13	346.36	0.121542	2.33	0.017757	0.020339	686.77	1.30	683.82	2.36
14	349.68	0.135139	1.91	0.017751	0.020380	817.82	0.91	820.22	1.39
15	353.00	0.147750	1.96	0.017760	0.020478	969.32	0.99	972.42	1.80
16	356.33	0.158899	1.94	0.017754	0.020548	1134.92	1.34	1135.32	2.11
17	359.65	0.169836	1.91	0.017747	0.020609	1299.47	1.22	1305.52	2.44
18	362.97	0.174897	1.83	0.017747	0.020640	1455.62	1.17	1455.92	1.60
19	366.30	0.177074	1.81	0.017769	0.020366	1583.37	1.02	1585.02	1.65
20	369.62	0.176618	1.84	0.017747	0.020296	1688.07	1.13	1694.12	2.61
21	372.95	0.171723	1.84	0.017758	0.020246	1774.72	1.29	1774.12	2.45
22	376.27	0.168058	1.82	0.017757	0.020433	1854.27	1.14	1856.72	2.42
23	379.60	0.164559	1.75	0.017756	0.020268	1941.77	1.08	1944.32	1.57
24	382.93	0.162849	1.80	0.017745	0.020350	2049.47	1.23	2054.42	2.46
25	386.26	0.161986	1.75	0.017739	0.020385	2175.87	0.75	2181.22	1.79
26	389.58	0.162505	1.74	0.017749	0.020439	2337.02	0.94	2337.52	1.85
27	392.91	0.166060	1.72	0.017756	0.020743	2532.22	1.26	2535.92	2.11
28	396.24	0.170413	1.68	0.017756	0.020432	2756.12	0.86	2761.02	1.94
29	399.57	0.175267	1.64	0.017760	0.020863	3008.72	1.12	3011.82	2.07
30	402.90	0.182213	1.65	0.017739	0.020376	3314.77	1.33	3315.12	2.49
31	406.24	0.192193	1.63	0.017760	0.020355	3675.92	1.16	3684.92	2.25
32	409.57	0.203187	1.61	0.017755	0.020421	4103.77	1.00	4111.82	1.32
33	412.90	0.215814	1.62	0.017754	0.020388	4598.52	1.21	4605.72	2.14
34	416.23	0.230219	1.61	0.017756	0.020348	5163.72	0.86	5172.62	2.29
35	419.57	0.245757	1.60	0.017751	0.020556	5799.57	1.06	5808.52	2.28
36	422.90	0.261537	1.60	0.017757	0.020625	6481.52	1.06	6493.02	2.13
37	426.23	0.276985	1.59	0.017764	0.020640	7204.02	1.18	7216.82	2.19
38	429.57	0.291075	1.59	0.017747	0.020367	7932.47	0.98	7948.62	2.11
39	432.90	0.302376	1.59	0.017765	0.020379	8643.22	1.08	8654.82	2.70
40	436.24	0.312004	1.58	0.017729	0.020528	9315.92	1.18	9336.52	1.62
41	439.58	0.318039	1.58	0.017759	0.020460	9930.12	0.98	9950.32	1.92
42	442.91	0.320905	1.58	0.017746	0.020796	10466.87	1.26	10490.32	2.67
43	446.25	0.320500	1.58	0.017744	0.020622	10922.37	1.37	10943.42	1.98
44	449.59	0.317270	1.57	0.017753	0.020485	11281.37	1.59	11302.22	2.28
45	452.92	0.311857	1.57	0.017765	0.020569	11540.17	1.01	11565.62	3.04
46	456.26	0.305002	1.57	0.017750	0.020603	11739.57	1.18	11766.92	2.05
47	459.60	0.297282	1.56	0.017764	0.020847	11903.27	1.27	11926.52	2.31
48	462.94	0.289615	1.56	0.017731	0.020491	12048.97	1.23	12072.42	1.99
49	466.28	0.282794	1.56	0.017760	0.020461	12206.82	1.44	12234.62	1.92
50	469.62	0.277130	1.56	0.017744	0.020486	12405.77	0.91	12435.92	2.75
51	472.96	0.272824	1.56	0.017761	0.020689	12658.52	1.07	12688.22	2.26
52	476.29	0.270478	1.56	0.017746	0.020505	12986.22	1.60	13021.02	1.87
53	479.63	0.269081	1.55	0.017757	0.020552	13366.62	1.16	13402.82	2.39
54	482.98	0.267618	1.56	0.017749	0.020464	13750.42	1.30	13789.72	2.21
55	486.32	0.265604	1.55	0.017765	0.020726	14110.32	1.40	14150.92	2.10
56	489.66	0.262957	1.55	0.017738	0.020734	14437.72	1.31	14477.62	2.55
57	493.00	0.260942	1.55	0.017756	0.020541	14771.62	0.89	14817.32	1.88
58	496.34	0.260134	1.55	0.017747	0.020677	15174.57	1.42	15224.82	2.55
59	499.68	0.260473	1.55	0.017749	0.020518	15660.87	1.13	15709.12	2.36
60	503.02	0.262139	1.55	0.017749	0.020740	16235.67	1.41	16287.62	2.25
61	506.36	0.265447	1.55	0.017742	0.020644	16922.72	1.49	16980.72	2.55
62	509.70	0.269577	1.54	0.017752	0.020612	17675.42	1.52	17741.92	1.88
63	513.05	0.275178	1.54	0.017757	0.020624	18538.52	1.42	18608.42	2.06
64	516.39	0.281969	1.54	0.017757	0.020610	19490.77	1.71	19571.42	2.21
65	519.73	0.289394	1.54	0.017760	0.020711	20535.62	1.48	20616.82	2.80
66	523.07	0.297670	1.54	0.017746	0.020619	21664.32	1.34	21760.62	2.24
67	526.42	0.306533	1.54	0.017764	0.020529	22871.27	1.41	22983.82	2.45
68	529.76	0.315132	1.54	0.017745	0.020610	24110.82	1.31	24231.52	2.41
69	533.10	0.323308	1.54	0.017759	0.020707	25333.22	1.73	25466.42	2.33
70	536.44	0.330610	1.54	0.017742	0.020596	26521.17	1.70	26664.62	2.18
71	539.79	0.336533	1.54	0.017766	0.020881	27603.87	1.52	27767.52	2.10
72	543.13	0.340647	1.54	0.017751	0.020659	28572.17	1.59	28753.02	2.71
73	546.47	0.342739	1.54	0.017769	0.020530	29405.17	1.75	29591.92	2.87
74	549.82	0.343117	1.54	0.017750	0.020464	30080.92	1.39	30280.52	2.84
75	553.16	0.342080	1.54	0.017764	0.020583	30638.67	0.96	30847.32	2.50
76	556.50	0.339745	1.54	0.017743	0.020759	31081.72	1.57	31294.62	2.61
77	559.84	0.336234	1.54	0.017772	0.020605	31402.27	1.59	31620.42	2.85
78	563.19	0.332206	1.54	0.017749	0.020532	31638.77	1.69	31864.22	2.36
79	566.53	0.327590	1.53	0.017764	0.020337	31802.67	1.64	32034.02	1.81
80	569.87	0.321889	1.54	0.017753	0.020640	31845.72	1.64	32079.32	2.68
81	573.22	0.314961	1.54	0.017756	0.020223	31772.72	1.80	32003.42	2.96
82	576.56	0.307150	1.54	0.017757	0.020451	31574.82	1.66	31805.22	2.83
83	579.90	0.298226	1.54	0.017759	0.020470	31233.07	1.72	31460.02	2.67
84	583.24	0.289067	1.54	0.017759	0.020316	30817.92	1.84	31047.22	2.77
85	586.58	0.280734	1.54	0.017748	0.020604	30476.37	1.86	30698.02	2.71
86	589.93	0.273533	1.54	0.017739	0.020616	30211.47	1.87	30433.42	3.55
87	593.27	0.267368	1.54	0.017757	0.020684	30023.47	1.63	30240.62	2.56
88	596.61	0.262129	1.54	0.017754	0.020522	29894.67	1.60	30117.92	2.51
89	599.95	0.257272	1.54	0.017761	0.020394	29798.97	1.55	30023.02	2.58
90	603.29	0.252852	1.54	0.017744	0.020461	29761.67	1.62	29979.92	2.95
91	606.64	0.249175	1.54	0.017752	0.020695	29766.42	1.96	29993.22	2.67
92	609.98	0.246187	1.54	0.017749	0.020439	29851.87	1.71	30081.02	3.28
93	613.32	0.244290	1.54	0.017762	0.020391	30054.57	1.53	30286.82	2.47
94	616.66	0.243231	1.54	0.017756	0.020627	30341.17	1.67	30582.52	2.88
95	620.00	0.242902	1.54	0.017769	0.020339	30714.62	1.78	30964.92	2.94
96	623.34	0.243052	1.54	0.017750	0.020512	31158.12	1.92	31417.42	2.51
97	626.68	0.243019	1.54	0.017768	0.020508	31568.22	1.69	31839.72	2.65
98	630.02	0.242059	1.54	0.017743	0.020589	31863.32	1.70	32140.52	2.66
99	633.36	0.240140	1.54	0.017766	0.020539	32005.87	1.44	32288.52	3.25
100	636.70	0.236694	1.54	0.017763	0.020360	31937.92	1.67	32221.02	2.70
101	640.04	0.232088	1.54	0.017780	0.020571	31689.32	1.34	31974.62	2.82
102	643.37	0.226862	1.54	0.017759	0.020381	31354.92	1.85	31630.42	2.77
103	646.71	0.221355	1.54	0.017772	0.020500	30954.02	1.67	31222.22	2.75
104	650.05	0.215566	1.54	0.017758	0.020614	30493.07	1.71	30752.92	2.79
105	653.39	0.209349	1.55	0.017763	0.020408	29964.32	1.58	30221.92	2.68
106	656.73	0.203706	1.55	0.017755	0.020440	29513.57	1.82	29759.72	2.30
107	660.06	0.199198	1.55	0.017771	0.020484	29198.02	1.80	29438.12	3.12
108	663.40	0.195684	1.55	0.017744	0.020485	28978.32	1.82	29219.62	2.61
109	666.73	0.192639	1.55	0.017771	0.020601	28821.37	1.82	29060.72	2.00
110	670.07	0.190208	1.55	0.017745	0.020496	28738.92	1.49	28979.42	2.32
111	673.41	0.188148	1.55	0.017772	0.020417	28711.42	1.26	28946.72	2.92
112	676.74	0.186502	1.55	0.017755	0.020395	28719.82	1.75	28959.32	2.42
113	680.07	0.185133	1.55	0.017769	0.020497	28770.62	1.54	29010.62	2.94
114	683.41	0.184011	1.55	0.017755	0.020637	28856.92	1.63	29100.52	2.84
115	686.74	0.182859	1.56	0.017771	0.020565	28940.42	1.61	29182.92	3.33
116	690.07	0.181866	1.56	0.017737	0.020368	29034.62	1.53	29280.02	2.38
117	693.41	0.180761	1.56	0.017773	0.020572	29110.32	1.93	29357.52	2.78
118	696.74	0.179569	1.56	0.017749	0.020638	29151.37	1.78	29407.02	2.46
119	700.07	0.178182	1.56	0.017770	0.020505	29172.82	1.95	29426.72	3.39
120	703.40	0.176757	1.56	0.017754	0.020500	29180.67	1.92	29429.32	3.39
121	706.73	0.175480	1.56	0.017766	0.020037	29179.42	1.58	29436.02	2.47
122	710.06	0.174324	1.57	0.017758	0.020473	29208.32	1.29	29464.42	3.06
123	713.39	0.173378	1.57	0.017775	0.020359	29260.62	1.53	29519.62	3.09
124	716.72	0.172547	1.57	0.017755	0.020229	29326.17	1.60	29588.22	2.26
125	720.05	0.171950	1.57	0.017762	0.020277	29429.77	1.97	29693.12	2.78
126	723.37	0.171530	1.57	0.017759	0.020578	29545.47	1.24	29813.32	2.54
127	726.70	0.171112	1.57	0.017770	0.020493	29653.57	1.62	29927.42	3.22
128	730.03	0.170599	1.58	0.017758	0.020478	29763.87	1.72	30031.62	2.43
129	733.35	0.169923	1.58	0.017761	0.020468	29818.62	1.76	30094.62	2.46
130	736.68	0.168950	1.58	0.017749	0.020425	29823.52	1.85	30103.12	2.71
131	740.00	0.167783	1.58	0.017770	0.020438	29792.12	1.85	30073.02	2.91
132	743.32	0.166295	1.58	0.017758	0.020603	29702.92	1.50	29982.42	3.54
133	746.65	0.164711	1.59	0.017753	0.020442	29593.67	1.69	29869.42	2.99
134	749.97	0.163115	1.59	0.017753	0.020426	29473.17	1.45	29746.22	2.44
135	753.29	0.161484	1.59	0.017766	0.020543	29331.77	1.78	29607.92	2.69
136	756.61	0.159867	1.59	0.017754	0.020492	29203.67	1.75	29474.02	3.02
137	759.93	0.158334	1.60	0.017768	0.020440	29077.87	1.10	29345.72	2.86
138	763.25	0.156836	1.60	0.017753	0.020472	28943.72	1.49	29211.42	2.87
139	766.57	0.155554	1.60	0.017768	0.020433	28829.42	1.50	29104.12	2.67
140	769.89	0.154143	1.60	0.017746	0.020492	28704.32	1.68	28976.32	2.61
141	773.20	0.152530	1.61	0.017777	0.020508	28540.07	1.54	28802.72	2.72
142	776.52	0.150629	1.61	0.017762	0.020352	28304.37	1.50	28562.62	2.51
143	779.84	0.148320	1.61	0.017771	0.020353	27968.92	1.33	28230.22	2.77
144	783.15	0.145297	1.61	0.017752	0.020445	27526.77	1.12	27777.12	2.50
145	786.46	0.141858	1.62	0.017768	0.020567	27001.52	1.70	27238.42	2.54
146	789.78	0.138043	1.62	0.017758	0.020446	26379.62	1.80	26610.62	2.31
147	793.09	0.133921	1.62	0.017769	0.020551	25693.32	1.69	25915.52	2.84
148	796.40	0.129679	1.63	0.017762	0.020307	24977.72	1.57	25189.42	2.57
149	799.71	0.125413	1.63	0.017771	0.020317	24256.62	1.44	24453.92	2.33
150	803.02	0.121244	1.64	0.017744	0.020189	23526.22	1.66	23719.62	2.92
151	806.33	0.117211	1.64	0.017771	0.020313	22828.17	1.62	23010.92	1.99
152	809.64	0.113309	1.64	0.017762	0.020583	22144.17	1.47	22318.42	3.06
153	812.94	0.109560	1.65	0.017774	0.020393	21481.82	1.39	21646.92	2.80
154	816.25	0.105934	1.65	0.017729	0.020264	20840.22	1.69	20994.52	2.47
155	819.55	0.102436	1.65	0.017776	0.020338	20213.87	1.05	20359.52	2.97
156	822.86	0.098980	1.66	0.017757	0.020367	19584.82	1.21	19725.22	2.18
157	826.16	0.095556	1.66	0.017770	0.020131	18964.77	1.38	19095.82	2.65
158	829.46	0.092133	1.67	0.017757	0.020419	18330.47	1.33	18456.82	2.14
159	832.76	0.088627	1.67	0.017765	0.020563	17682.77	1.22	17801.22	2.29
160	836.06	0.085133	1.68	0.017752	0.020331	17028.32	1.34	17141.12	2.37
161	839.36	0.081537	1.68	0.017767	0.020594	16356.52	1.86	16459.52	2.22
162	842.66	0.077951	1.69	0.017751	0.020562	15683.77	1.34	15775.42	1.97
163	845.96	0.074499	1.69	0.017757	0.020464	15018.62	1.33	15106.42	2.62
164	849.25	0.071145	1.70	0.017763	0.020420	14360.37	1.31	14448.72	2.11
165	852.55	0.067794	1.70	0.017771	0.020440	13715.07	1.50	13796.22	2.41
166	855.84	0.064624	1.71	0.017756	0.020265	13109.97	0.99	13180.62	2.22
167	859.13	0.061656	1.72	0.017760	0.020212	12527.62	1.28	12595.42	2.57
168	862.42	0.058922	1.72	0.017745	0.020532	11989.07	1.31	12053.82	2.06
169	865.71	0.056394	1.73	0.017759	0.020249	11490.32	1.38	11551.72	3.14
170	869.00	0.054017	1.73	0.017753	0.020634	11029.52	1.35	11083.12	1.78
171	872.29	0.051835	1.74	0.017773	0.020495	10604.17	1.21	10651.92	2.19
172	875.58	0.049887	1.75	0.017755	0.020492	10210.82	1.06	10260.22	2.19
173	878.86	0.048051	1.75	0.017770	0.020219	9851.42	1.24	9896.12	1.85
174	882.15	0.046377	1.76	0.017763	0.020441	9518.52	1.28	9561.22	1.90
175	885.43	0.044886	1.77	0.017770	0.020430	9219.22	1.11	9261.32	1.89
176	888.71	0.043422	1.77	0.017742	0.020234	8923.02	1.28	8965.12	1.96
177	892.00	0.042009	1.78	0.017772	0.020417	8636.47	0.99	8678.52	1.76
178	895.27	0.040541	1.79	0.017752	0.020615	8354.47	1.48	8387.82	2.04
179	898.55	0.039168	1.80	0.017775	0.020689	8076.52	1.00	8108.62	3.02
180	901.83	0.037780	1.81	0.017767	0.020621	7794.07	1.13	7825.12	2.36
181	905.11	0.036422	1.81	0.017755	0.020561	7511.17	1.18	7544.02	1.69
182	908.38	0.035010	1.82	0.017749	0.020790	7229.17	1.01	7257.42	2.42
183	911.65	0.033550	1.83	0.017773	0.020363	6942.62	1.24	6963.42	2.14
184	914.93	0.032202	1.84	0.017757	0.020644	6660.82	1.01	6683.32	2.20
185	918.20	0.030912	1.85	0.017771	0.020646	6381.57	0.89	6410.32	1.78
186	921.47	0.029560	1.86	0.017754	0.020541	6115.27	0.78	6136.82	2.10
187	924.74	0.028240	1.87	0.017765	0.020546	5852.22	1.31	5867.92	2.13
188	928.00	0.027050	1.88	0.017757	0.020524	5589.62	1.25	5612.52	1.88
189	931.27	0.025724	1.89	0.017778	0.020436	5323.92	0.90	5341.32	1.64
190	934.53	0.024444	1.90	0.017748	0.020524	5046.77	1.00	5069.12	1.64
191	937.80	0.023024	1.91	0.017775	0.020571	4769.77	0.85	4782.32	1.58
192	941.06	0.021818	1.92	0.017755	0.020489	4507.42	1.18	4525.02	2.28
193	944.32	0.020660	1.94	0.017780	0.020405	4271.92	1.14	4286.02	2.26
194	947.58	0.019694	1.95	0.017749	0.020699	4069.92	0.96	4083.72	2.05
195	950.83	0.018799	1.96	0.017774	0.020770	3884.07	0.80	3896.82	1.81
196	954.09	0.017961	1.97	0.017764	0.020508	3710.97	1.29	3721.92	1.48
197	957.34	0.017198	1.98	0.017761	0.020539	3549.07	0.95	3560.52	1.63
198	960.60	0.016503	2.00	0.017756	0.020508	3394.92	1.24	3410.02	2.02
199	963.85	0.015739	2.01	0.017777	0.020636	3251.52	0.92	3258.02	1.70
200	967.10	0.015082	2.02	0.017761	0.020596	3112.02	1.27	3119.12	1.75
201	970.35	0.014483	2.05	0.017767	0.020530	2976.62	0.94	2988.22	2.39
202	973.59	0.013843	2.05	0.017759	0.020352	2840.92	1.04	2852.82	1.95
203	976.84	0.013198	2.07	0.017769	0.020495	2708.47	1.10	2718.62	2.07
204	980.08	0.012555	2.08	0.017749	0.020640	2580.22	1.11	2586.82	1.81
205	983.32	0.011900	2.12	0.017771	0.020504	2449.67	0.90	2454.82	1.74
206	986.56	0.011291	2.16	0.017754	0.020532	2318.07	0.83	2326.82	2.04
207	989.80	0.010654	2.19	0.017776	0.020568	2189.02	0.88	2197.12	2.01
208	993.04	0.010001	2.22	0.017757	0.020462	2063.22	1.11	2067.12	2.14
209	996.28	0.000000	1.82	0.017779	0.020339	1933.77	1.08	1933.22	1.96
210	999.51	0.000000	1.82	0.017757	0.020486	1802.02	0.98	1810.22	1.58
211	1002.74	0.000000	1.87	0.017768	0.020435	1672.92	0.88	1675.42	1.99
212	1005.98	0.000000	1.89	0.017751	0.020354	1535.82	1.13	1538.72	1.82
213	1009.21	0.000000	1.93	0.017776	0.020477	1396.62	0.97	1402.82	1.96
214	1012.43	0.000000	1.96	0.017750	0.020528	1259.67	1.05	1267.42	1.80
215	1015.66	0.000000	2.01	0.017775	0.020298	1123.72	1.12	1130.82	1.92
216	1018.88	0.000000	2.13	0.017740	0.020485	994.07	1.09	995.32	2.27
217	1022.11	0.000000	2.10	0.017773	0.020177	867.77	1.19	868.52	1.69
218	1025.33	0.000000	2.27	0.017755	0.020366	750.67	1.07	755.02	2.13
219	1028.55	0.000000	2.27	0.017754	0.020409	639.67	1.02	644.02	1.75
220	1031.77	0.000000	2.55	0.017750	0.020540	540.32	0.95	542.92	2.12
221	1034.98	0.000000	2.51	0.017758	0.020425	450.87	0.97	451.82	1.61
222	1038.20	0.000000	3.63	0.017741	0.020320	368.32	1.30	370.72	2.72
223	1041.41	0.000000	3.29	0.017757	0.020425	298.42	1.06	304.02	1.91
224	1044.62	0.000000	3.84	0.017767	0.020458	235.82	0.96	239.82	1.90
225	1047.83	0.000000	5.98	0.017768	0.020327	183.82	1.20	184.42	2.52
226	1051.04	0.000000	6.53	0.017743	0.020486	141.47	0.86	140.32	2.10
227	1054.24	0.000000	8.36	0.017773	0.020533	107.32	1.18	105.92	2.02
228	1057.44	0.000000	11.41	0.017755	0.020507	78.37	1.05	75.92	1.99
229	1060.65	0.000000	11.62	0.017768	0.020492	57.72	0.85	59.82	1.71
230	1063.85	0.000000	24.49	0.017755	0.020173	41.92	1.05	43.92	2.75
231	1067.04	0.000000	20.42	0.017773	0.020497	33.97	0.98	36.82	1.95
232	1070.24	0.000000	49.58	0.017757	0.020139	26.07	0.85	22.32	2.26
233	1073.43	0.000000	47.73	0.017779	0.020214	19.97	1.09	18.12	1.86
234	1076.63	0.000000	31.06	0.017751	0.020258	15.17	1.18	19.22	1.70
235	1079.82	0.000000	60.36	0.017764	0.020369	10.77	1.00	13.52	2.40
236	1083.01	0.000000	101.50	0.017753	0.020438	9.47	1.22	8.12	1.61
237	1086.19	0.000000	293.84	0.017779	0.020405	6.02	1.05	4.62	2.31
238	1089.38	0.000000	253.81	0.017768	0.020405	6.42	1.24	1.32	2.31
239	1092.56	0.000000	80.67	0.017773	0.020643	2.27	1.08	7.12	2.35
240	1095.74	0.000000	109.02	0.017748	0.020344	2.02	0.95	4.92	2.08
241	1098.92	0.000000	1043.63	0.017759	0.020433	1.07	0.83	0.22	1.58
242	1102.10	0.000000	365.17	0.017752	0.020559	-0.23	1.05	1.12	2.20
243	1105.27	0.000000	429.20	0.017783	0.020528	0.37	1.35	-0.78	1.96
244	1108.45	0.000000	501.26	0.017769	0.020687	-0.88	0.76	0.22	1.61
245	1111.62	0.000000	608.38	0.017796	0.020615	-0.58	1.49	-0.98	1.96
246	1114.78	0.000000	180.58	0.017775	0.020392	0.37	1.12	-1.68	1.59
247	1117.95	0.000000	210.46	0.017796	0.020456	-1.18	1.09	-2.48	1.91
248	1121.12	0.000000	175.25	0.017779	0.020413	-1.53	0.98	0.82	1.30
249	1124.28	0.000000	555.69	0.017798	0.020253	-2.93	1.02	-0.68	2.12
250	1127.44	0.000000	135.93	0.017782	0.020281	-0.73	0.79	-3.28	1.94
251	1130.60	0.000000	145.95	0.017819	0.020404	-3.03	1.09	1.22	1.92
252	1133.76	0.000000	142.23	0.017821	0.020358	-3.48	0.89	0.92	1.84
253	1136.91	0.000000	94.60	0.017869	0.020410	-2.68	0.94	-5.58	1.95
254	1140.06	0.000000	72.00	0.017909	0.020326	-1.33	1.33	-7.08	2.21
255	1143.21	0.000000	92.65	0.018400	0.021888	-2.63	0.92	-4.28	1.29
[END_OF_CALDATA]
