!FRM4SOC_CP
!TEMPDATA
# thermal characterization results

# comments start with # (ignored by the processor)
# no empty lines between the parameter signatures in [] and the parameter values
# parameters are case insensitive
# parameters can be inserted in any order, except the first two signatures
# columns are tab- or space-delimited

[VERSION]
0.1

[CALDATE]
2026-03-05 17:39:47

[CALLAB]
Tartu Observatory

[USER]
Ilmar Ansko

[DEVICE]
SAM_8831

[AMBIENT_TEMP]
21.0

[REFERENCE_TEMP]
20.0

#px	wl (nm)	cT (1/deg)	ucT (1/deg, k=2)
[CALDATA]
0	303.26	4.827E-005	2.018E-004
1	306.57	-2.092E-003	3.075E-003
2	309.88	-1.183E-003	3.271E-003
3	313.20	6.173E-004	2.869E-003
4	316.51	-2.278E-003	2.743E-003
5	319.82	4.272E-004	3.795E-003
6	323.14	-8.691E-005	2.299E-003
7	326.45	1.333E-004	2.082E-003
8	329.77	-5.353E-004	1.718E-003
9	333.09	1.165E-004	1.222E-003
10	336.40	-1.095E-003	1.143E-003
11	339.72	-5.107E-004	1.028E-003
12	343.04	-7.991E-004	1.238E-003
13	346.36	-1.687E-004	6.715E-004
14	349.68	1.477E-005	5.032E-004
15	353.00	-1.366E-004	4.104E-004
16	356.33	-5.774E-005	3.400E-004
17	359.65	1.386E-004	3.335E-004
18	362.97	1.201E-004	2.805E-004
19	366.30	-1.328E-005	2.789E-004
20	369.62	6.664E-005	2.550E-004
21	372.95	-9.861E-005	2.721E-004
22	376.27	-3.843E-005	2.553E-004
23	379.60	-9.401E-005	2.416E-004
24	382.93	-1.271E-004	2.448E-004
25	386.26	-1.191E-004	2.171E-004
26	389.58	-8.567E-005	2.375E-004
27	392.91	-6.065E-005	2.238E-004
28	396.24	-7.425E-005	2.256E-004
29	399.57	-3.475E-005	2.163E-004
30	402.90	-3.369E-005	2.158E-004
31	406.24	1.588E-005	2.231E-004
32	409.57	3.982E-005	2.097E-004
33	412.90	4.328E-005	2.110E-004
34	416.23	3.693E-005	2.099E-004
35	419.57	5.312E-005	2.110E-004
36	422.90	1.130E-004	2.057E-004
37	426.23	1.007E-004	2.067E-004
38	429.57	9.886E-005	2.068E-004
39	432.90	1.235E-004	2.085E-004
40	436.24	1.228E-004	2.060E-004
41	439.58	1.000E-004	2.062E-004
42	442.91	9.387E-005	2.041E-004
43	446.25	1.154E-004	2.063E-004
44	449.59	1.358E-004	2.088E-004
45	452.92	1.534E-004	2.074E-004
46	456.26	1.899E-004	2.061E-004
47	459.60	2.156E-004	2.053E-004
48	462.94	2.265E-004	2.046E-004
49	466.28	2.302E-004	2.034E-004
50	469.62	2.136E-004	2.042E-004
51	472.96	2.074E-004	2.031E-004
52	476.29	2.176E-004	2.044E-004
53	479.63	2.232E-004	2.052E-004
54	482.98	2.735E-004	2.039E-004
55	486.32	3.674E-004	2.063E-004
56	489.66	4.534E-004	2.060E-004
57	493.00	5.118E-004	2.066E-004
58	496.34	5.694E-004	2.041E-004
59	499.68	5.946E-004	2.045E-004
60	503.02	6.261E-004	2.076E-004
61	506.36	6.433E-004	2.042E-004
62	509.70	6.680E-004	2.049E-004
63	513.05	6.637E-004	2.059E-004
64	516.39	6.663E-004	2.045E-004
65	519.73	6.659E-004	2.050E-004
66	523.07	6.714E-004	2.052E-004
67	526.42	6.820E-004	2.049E-004
68	529.76	6.793E-004	2.050E-004
69	533.10	7.208E-004	2.046E-004
70	536.44	7.473E-004	2.035E-004
71	539.79	7.844E-004	2.043E-004
72	543.13	8.347E-004	2.041E-004
73	546.47	8.793E-004	2.041E-004
74	549.82	9.215E-004	2.030E-004
75	553.16	9.455E-004	2.036E-004
76	556.50	9.724E-004	2.035E-004
77	559.84	9.861E-004	2.038E-004
78	563.19	9.972E-004	2.030E-004
79	566.53	1.006E-003	2.035E-004
80	569.87	1.005E-003	2.044E-004
81	573.22	1.006E-003	2.049E-004
82	576.56	9.955E-004	2.043E-004
83	579.90	9.938E-004	2.051E-004
84	583.24	9.856E-004	2.044E-004
85	586.58	9.808E-004	2.036E-004
86	589.93	9.995E-004	2.039E-004
87	593.27	1.005E-003	2.049E-004
88	596.61	9.956E-004	2.042E-004
89	599.95	1.003E-003	2.038E-004
90	603.29	9.952E-004	2.046E-004
91	606.64	9.886E-004	2.048E-004
92	609.98	9.775E-004	2.037E-004
93	613.32	9.685E-004	2.033E-004
94	616.66	9.603E-004	2.038E-004
95	620.00	9.580E-004	2.035E-004
96	623.34	9.757E-004	2.025E-004
97	626.68	1.012E-003	2.027E-004
98	630.02	1.071E-003	2.027E-004
99	633.36	1.163E-003	2.024E-004
100	636.70	1.262E-003	2.021E-004
101	640.04	1.353E-003	2.022E-004
102	643.37	1.445E-003	2.030E-004
103	646.71	1.509E-003	2.023E-004
104	650.05	1.549E-003	2.025E-004
105	653.39	1.573E-003	2.012E-004
106	656.73	1.572E-003	2.008E-004
107	660.06	1.578E-003	2.021E-004
108	663.40	1.603E-003	2.022E-004
109	666.73	1.620E-003	2.015E-004
110	670.07	1.643E-003	2.010E-004
111	673.41	1.667E-003	2.014E-004
112	676.74	1.698E-003	2.013E-004
113	680.07	1.724E-003	2.010E-004
114	683.41	1.743E-003	2.013E-004
115	686.74	1.768E-003	2.010E-004
116	690.07	1.783E-003	2.012E-004
117	693.41	1.809E-003	2.010E-004
118	696.74	1.828E-003	2.016E-004
119	700.07	1.836E-003	2.015E-004
120	703.40	1.862E-003	2.019E-004
121	706.73	1.875E-003	2.016E-004
122	710.06	1.898E-003	2.013E-004
123	713.39	1.903E-003	2.018E-004
124	716.72	1.913E-003	2.008E-004
125	720.05	1.913E-003	2.014E-004
126	723.37	1.906E-003	2.016E-004
127	726.70	1.884E-003	2.016E-004
128	730.03	1.861E-003	2.022E-004
129	733.35	1.823E-003	2.011E-004
130	736.68	1.815E-003	2.013E-004
131	740.00	1.834E-003	2.019E-004
132	743.32	1.888E-003	2.016E-004
133	746.65	1.962E-003	2.023E-004
134	749.97	2.039E-003	2.028E-004
135	753.29	2.131E-003	2.022E-004
136	756.61	2.216E-003	2.034E-004
137	759.93	2.313E-003	2.039E-004
138	763.25	2.410E-003	2.058E-004
139	766.57	2.509E-003	2.051E-004
140	769.89	2.600E-003	2.070E-004
141	773.20	2.679E-003	2.053E-004
142	776.52	2.759E-003	2.076E-004
143	779.84	2.833E-003	2.081E-004
144	783.15	2.891E-003	2.067E-004
145	786.46	2.969E-003	2.056E-004
146	789.78	3.040E-003	2.068E-004
147	793.09	3.105E-003	2.075E-004
148	796.40	3.179E-003	2.075E-004
149	799.71	3.247E-003	2.059E-004
150	803.02	3.316E-003	2.083E-004
151	806.33	3.368E-003	2.100E-004
152	809.64	3.430E-003	2.153E-004
153	812.94	3.465E-003	2.133E-004
154	816.25	3.504E-003	2.141E-004
155	819.55	3.526E-003	2.146E-004
156	822.86	3.512E-003	2.127E-004
157	826.16	3.457E-003	2.151E-004
158	829.46	3.422E-003	2.109E-004
159	832.76	3.378E-003	2.180E-004
160	836.06	3.332E-003	2.131E-004
161	839.36	3.336E-003	2.173E-004
162	842.66	3.369E-003	2.198E-004
163	845.96	3.413E-003	2.202E-004
164	849.25	3.474E-003	2.174E-004
165	852.55	3.532E-003	2.207E-004
166	855.84	3.597E-003	2.168E-004
167	859.13	3.676E-003	2.270E-004
168	862.42	3.748E-003	2.394E-004
169	865.71	3.835E-003	2.254E-004
170	869.00	3.916E-003	2.282E-004
171	872.29	3.970E-003	2.409E-004
172	875.58	4.061E-003	2.393E-004
173	878.86	4.136E-003	2.376E-004
174	882.15	4.226E-003	2.425E-004
175	885.43	4.246E-003	2.447E-004
176	888.71	4.312E-003	2.380E-004
177	892.00	4.383E-003	2.439E-004
178	895.27	4.414E-003	2.420E-004
179	898.55	4.450E-003	2.493E-004
180	901.83	4.480E-003	2.374E-004
181	905.11	4.471E-003	2.290E-004
182	908.38	4.490E-003	2.358E-004
183	911.65	4.506E-003	2.408E-004
184	914.93	4.481E-003	2.234E-004
185	918.20	4.435E-003	2.427E-004
186	921.47	4.332E-003	2.235E-004
187	924.74	4.134E-003	2.381E-004
188	928.00	3.904E-003	2.188E-004
189	931.27	3.621E-003	2.235E-004
190	934.53	3.290E-003	2.338E-004
191	937.80	2.921E-003	2.407E-004
192	941.06	2.559E-003	2.227E-004
193	944.32	2.125E-003	2.293E-004
194	947.58	1.637E-003	2.397E-004
195	950.83	1.054E-003	2.513E-004
196	954.09	2.985E-004	2.848E-004
197	957.34	-3.594E-004	2.720E-004
198	960.60	-6.668E-004	2.854E-004
199	963.85	-8.455E-004	3.425E-004
200	967.10	-5.743E-004	4.202E-004
201	970.35	-2.465E-004	4.075E-004
202	973.59	4.448E-004	5.302E-004
203	976.84	9.139E-004	4.261E-004
204	980.08	1.810E-003	5.441E-004
205	983.32	2.438E-003	3.868E-004
206	986.56	3.315E-003	5.470E-004
207	989.80	4.199E-003	4.284E-004
208	993.04	4.853E-003	4.651E-004
209	996.28	5.724E-003	6.030E-004
210	999.51	6.350E-003	4.921E-004
211	1002.74	7.145E-003	7.237E-004
212	1005.98	7.992E-003	8.777E-004
213	1009.21	8.248E-003	6.356E-004
214	1012.43	8.353E-003	4.916E-004
215	1015.66	9.096E-003	7.720E-004
216	1018.88	9.506E-003	9.613E-004
217	1022.11	9.651E-003	8.616E-004
218	1025.33	9.903E-003	7.999E-004
219	1028.55	1.001E-002	1.054E-003
220	1031.77	1.014E-002	9.106E-004
221	1034.98	1.040E-002	1.350E-003
222	1038.20	9.294E-003	1.336E-003
223	1041.41	9.508E-003	1.498E-003
224	1044.62	9.199E-003	2.020E-003
225	1047.83	8.779E-003	2.445E-003
226	1051.04	6.925E-003	2.635E-003
227	1054.24	5.543E-003	4.295E-003
228	1057.44	1.063E-002	6.273E-003
229	1060.65	5.553E-003	6.906E-003
230	1063.85	-2.653E-003	9.176E-003
231	1067.04	2.420E-003	1.454E-002
232	1070.24	1.738E-002	1.472E-002
233	1073.43	-2.945E-003	2.486E-002
234	1076.63	3.031E-003	2.692E-002
235	1079.82	-1.182E-002	4.817E-002
236	1083.01	-2.820E-002	3.848E-002
237	1086.19	1.551E-002	3.320E-002
238	1089.38	-8.632E-003	6.473E-002
239	1092.56	8.765E-002	3.555E-001
240	1095.74	-2.852E-002	1.824E-001
241	1098.92	-1.977E-002	2.561E-001
242	1102.10	-2.044E-002	7.102E-001
243	1105.27	5.070E-002	2.976E-001
244	1108.45	-1.307E-001	3.759E-001
245	1111.62	1.809E-002	2.418E-001
246	1114.78	-2.866E-001	1.004E+000
247	1117.95	3.375E-001	1.175E+000
248	1121.12	-2.114E-002	9.368E-002
249	1124.28	-2.379E-002	1.942E-001
250	1127.44	-2.214E-002	2.079E-001
251	1130.60	4.458E-002	1.117E-001
252	1133.76	1.388E-001	2.661E-001
253	1136.91	-4.764E-002	1.184E-001
254	1140.06	-5.773E-002	1.995E-001
255	1143.21	-1.057E-001	2.255E-001
[END_OF_CALDATA]
