!FRM4SOC_CP
!TEMPDATA
# thermal characterization results

# comments start with # (ignored by the processor)
# no empty lines between the parameter signatures in [] and the parameter values
# parameters are case insensitive
# parameters can be inserted in any order, except the first two signatures
# columns are tab- or space-delimited

[VERSION]
0.1

[CALDATE]
2026-03-17 04:33:36

[CALLAB]
Tartu Observatory

[USER]
Ilmar Ansko

[DEVICE]
SAM_8729

[AMBIENT_TEMP]
21.0

[REFERENCE_TEMP]
20.0

#px	wl (nm)	cT (1/deg)	ucT (1/deg, k=2)
[CALDATA]
0	304.92	6.938E-006	2.005E-004
1	308.24	3.073E-003	5.395E-003
2	311.56	3.964E-004	6.342E-003
3	314.88	2.754E-004	5.103E-003
4	318.21	7.040E-004	5.433E-003
5	321.53	2.013E-003	3.421E-003
6	324.85	-2.250E-003	3.421E-003
7	328.18	8.068E-005	2.193E-003
8	331.50	-1.121E-003	1.484E-003
9	334.83	9.002E-004	1.428E-003
10	338.15	-1.326E-004	8.962E-004
11	341.48	5.814E-004	7.275E-004
12	344.81	7.548E-005	6.971E-004
13	348.13	3.255E-004	4.302E-004
14	351.46	2.685E-004	3.759E-004
15	354.79	3.914E-004	3.762E-004
16	358.12	3.198E-004	3.227E-004
17	361.45	4.452E-004	2.934E-004
18	364.78	2.962E-004	3.160E-004
19	368.11	3.765E-004	3.133E-004
20	371.44	2.786E-004	3.023E-004
21	374.78	2.313E-004	2.700E-004
22	378.11	1.329E-004	2.818E-004
23	381.44	1.116E-004	2.445E-004
24	384.78	1.776E-006	2.693E-004
25	388.11	1.036E-005	2.519E-004
26	391.44	-2.836E-006	2.414E-004
27	394.78	9.031E-006	2.380E-004
28	398.11	1.687E-005	2.485E-004
29	401.45	3.105E-005	2.346E-004
30	404.79	2.836E-005	2.542E-004
31	408.12	-5.885E-006	2.347E-004
32	411.46	2.743E-005	2.287E-004
33	414.80	2.318E-005	2.225E-004
34	418.13	4.905E-005	2.344E-004
35	421.47	4.598E-005	2.269E-004
36	424.81	5.834E-005	2.320E-004
37	428.15	9.154E-005	2.236E-004
38	431.49	1.001E-004	2.278E-004
39	434.83	1.231E-004	2.258E-004
40	438.17	1.449E-004	2.241E-004
41	441.51	1.337E-004	2.264E-004
42	444.85	1.419E-004	2.247E-004
43	448.19	1.400E-004	2.292E-004
44	451.53	1.954E-004	2.246E-004
45	454.87	2.340E-004	2.272E-004
46	458.21	2.539E-004	2.292E-004
47	461.55	2.721E-004	2.263E-004
48	464.90	2.787E-004	2.288E-004
49	468.24	2.787E-004	2.267E-004
50	471.58	2.719E-004	2.239E-004
51	474.92	2.377E-004	2.235E-004
52	478.27	2.245E-004	2.225E-004
53	481.61	2.197E-004	2.212E-004
54	484.95	2.694E-004	2.218E-004
55	488.30	3.429E-004	2.266E-004
56	491.64	4.266E-004	2.223E-004
57	494.98	4.846E-004	2.244E-004
58	498.33	5.318E-004	2.245E-004
59	501.67	5.433E-004	2.223E-004
60	505.01	5.648E-004	2.216E-004
61	508.36	5.611E-004	2.210E-004
62	511.70	5.787E-004	2.183E-004
63	515.04	5.725E-004	2.202E-004
64	518.39	5.717E-004	2.197E-004
65	521.73	5.778E-004	2.192E-004
66	525.08	5.772E-004	2.170E-004
67	528.42	5.782E-004	2.205E-004
68	531.77	5.920E-004	2.156E-004
69	535.11	6.035E-004	2.189E-004
70	538.45	6.230E-004	2.164E-004
71	541.80	6.478E-004	2.180E-004
72	545.14	6.931E-004	2.164E-004
73	548.49	7.502E-004	2.188E-004
74	551.83	7.980E-004	2.163E-004
75	555.17	8.549E-004	2.188E-004
76	558.52	8.944E-004	2.181E-004
77	561.86	9.259E-004	2.172E-004
78	565.21	9.454E-004	2.164E-004
79	568.55	9.562E-004	2.163E-004
80	571.89	9.620E-004	2.157E-004
81	575.24	9.602E-004	2.147E-004
82	578.58	9.611E-004	2.150E-004
83	581.92	9.675E-004	2.160E-004
84	585.27	9.815E-004	2.156E-004
85	588.61	9.975E-004	2.160E-004
86	591.95	9.915E-004	2.153E-004
87	595.29	9.883E-004	2.168E-004
88	598.64	9.740E-004	2.168E-004
89	601.98	9.762E-004	2.155E-004
90	605.32	9.737E-004	2.177E-004
91	608.66	9.670E-004	2.170E-004
92	612.00	9.589E-004	2.174E-004
93	615.34	9.561E-004	2.143E-004
94	618.69	9.446E-004	2.177E-004
95	622.03	9.296E-004	2.136E-004
96	625.37	9.362E-004	2.158E-004
97	628.71	9.633E-004	2.115E-004
98	632.05	1.027E-003	2.170E-004
99	635.39	1.116E-003	2.145E-004
100	638.72	1.217E-003	2.169E-004
101	642.06	1.321E-003	2.136E-004
102	645.40	1.392E-003	2.158E-004
103	648.74	1.453E-003	2.112E-004
104	652.08	1.474E-003	2.129E-004
105	655.42	1.494E-003	2.130E-004
106	658.75	1.502E-003	2.126E-004
107	662.09	1.521E-003	2.112E-004
108	665.43	1.547E-003	2.141E-004
109	668.76	1.562E-003	2.097E-004
110	672.10	1.577E-003	2.136E-004
111	675.43	1.599E-003	2.102E-004
112	678.77	1.606E-003	2.140E-004
113	682.10	1.627E-003	2.118E-004
114	685.43	1.648E-003	2.106E-004
115	688.77	1.662E-003	2.099E-004
116	692.10	1.682E-003	2.114E-004
117	695.43	1.707E-003	2.105E-004
118	698.76	1.716E-003	2.124E-004
119	702.09	1.738E-003	2.109E-004
120	705.42	1.763E-003	2.112E-004
121	708.75	1.794E-003	2.113E-004
122	712.08	1.804E-003	2.097E-004
123	715.41	1.828E-003	2.106E-004
124	718.74	1.840E-003	2.092E-004
125	722.07	1.840E-003	2.113E-004
126	725.39	1.842E-003	2.082E-004
127	728.72	1.822E-003	2.102E-004
128	732.05	1.790E-003	2.081E-004
129	735.37	1.766E-003	2.150E-004
130	738.70	1.780E-003	2.090E-004
131	742.02	1.816E-003	2.106E-004
132	745.34	1.870E-003	2.080E-004
133	748.67	1.955E-003	2.101E-004
134	751.99	2.044E-003	2.068E-004
135	755.31	2.114E-003	2.098E-004
136	758.63	2.204E-003	2.085E-004
137	761.95	2.312E-003	2.082E-004
138	765.27	2.418E-003	2.056E-004
139	768.59	2.498E-003	2.060E-004
140	771.91	2.595E-003	2.076E-004
141	775.22	2.673E-003	2.052E-004
142	778.54	2.750E-003	2.061E-004
143	781.85	2.809E-003	2.062E-004
144	785.17	2.893E-003	2.074E-004
145	788.48	2.944E-003	2.064E-004
146	791.80	3.035E-003	2.071E-004
147	795.11	3.072E-003	2.074E-004
148	798.42	3.165E-003	2.067E-004
149	801.73	3.226E-003	2.041E-004
150	805.04	3.281E-003	2.029E-004
151	808.35	3.339E-003	2.040E-004
152	811.66	3.407E-003	2.022E-004
153	814.96	3.458E-003	2.041E-004
154	818.27	3.496E-003	2.036E-004
155	821.57	3.488E-003	2.030E-004
156	824.88	3.496E-003	2.027E-004
157	828.18	3.466E-003	2.036E-004
158	831.48	3.427E-003	2.030E-004
159	834.79	3.410E-003	2.071E-004
160	838.09	3.390E-003	2.030E-004
161	841.39	3.419E-003	2.060E-004
162	844.68	3.475E-003	2.032E-004
163	847.98	3.533E-003	2.027E-004
164	851.28	3.584E-003	2.060E-004
165	854.57	3.633E-003	2.058E-004
166	857.87	3.709E-003	2.082E-004
167	861.16	3.774E-003	2.055E-004
168	864.45	3.878E-003	2.093E-004
169	867.75	3.942E-003	2.045E-004
170	871.04	4.003E-003	2.069E-004
171	874.33	4.093E-003	2.068E-004
172	877.61	4.198E-003	2.125E-004
173	880.90	4.240E-003	2.132E-004
174	884.19	4.308E-003	2.125E-004
175	887.47	4.312E-003	2.099E-004
176	890.76	4.393E-003	2.095E-004
177	894.04	4.453E-003	2.068E-004
178	897.32	4.491E-003	2.150E-004
179	900.60	4.563E-003	2.128E-004
180	903.88	4.509E-003	2.172E-004
181	907.16	4.547E-003	2.157E-004
182	910.44	4.537E-003	2.114E-004
183	913.71	4.575E-003	2.137E-004
184	916.99	4.546E-003	2.155E-004
185	920.26	4.550E-003	2.282E-004
186	923.53	4.294E-003	2.355E-004
187	926.80	4.183E-003	2.273E-004
188	930.07	3.886E-003	2.667E-004
189	933.34	3.678E-003	2.465E-004
190	936.61	3.206E-003	2.571E-004
191	939.87	2.959E-003	2.280E-004
192	943.14	2.427E-003	2.861E-004
193	946.40	2.202E-003	2.769E-004
194	949.66	1.543E-003	3.240E-004
195	952.92	9.174E-004	2.910E-004
196	956.18	2.220E-004	3.320E-004
197	959.44	-2.318E-004	3.959E-004
198	962.70	-4.931E-004	4.460E-004
199	965.95	-1.231E-004	4.174E-004
200	969.21	1.709E-004	4.357E-004
201	972.46	7.938E-004	5.637E-004
202	975.71	1.301E-003	4.929E-004
203	978.96	1.559E-003	4.277E-004
204	982.21	2.887E-003	4.586E-004
205	985.45	3.422E-003	6.600E-004
206	988.70	4.372E-003	5.472E-004
207	991.94	4.574E-003	7.107E-004
208	995.19	5.500E-003	6.384E-004
209	998.43	6.092E-003	6.931E-004
210	1001.67	6.891E-003	9.835E-004
211	1004.90	7.462E-003	5.568E-004
212	1008.14	7.856E-003	8.164E-004
213	1011.38	8.134E-003	8.797E-004
214	1014.61	8.674E-003	7.094E-004
215	1017.84	9.341E-003	1.069E-003
216	1021.07	9.734E-003	1.417E-003
217	1024.30	9.992E-003	1.193E-003
218	1027.53	9.672E-003	1.389E-003
219	1030.75	9.796E-003	1.573E-003
220	1033.98	9.741E-003	3.129E-003
221	1037.20	8.018E-003	2.333E-003
222	1040.42	5.875E-003	3.112E-003
223	1043.64	4.950E-003	3.068E-003
224	1046.86	7.044E-003	6.323E-003
225	1050.07	4.269E-003	6.796E-003
226	1053.29	4.878E-003	9.087E-003
227	1056.50	-4.079E-003	9.677E-003
228	1059.71	1.211E-004	1.717E-002
229	1062.92	-7.132E-003	1.868E-002
230	1066.13	1.440E-002	2.093E-002
231	1069.33	-8.864E-003	3.164E-002
232	1072.54	1.526E-002	4.066E-002
233	1075.74	3.908E-003	7.195E-002
234	1078.94	2.758E-003	4.683E-002
235	1082.14	-2.039E-002	8.581E-002
236	1085.34	-1.466E-003	8.945E-002
237	1088.53	-5.582E-002	8.511E-002
238	1091.73	-1.767E-002	8.858E-002
239	1094.92	-5.431E-002	5.803E-002
240	1098.11	2.981E-001	8.860E-001
241	1101.30	-1.619E-002	6.214E-001
242	1104.48	2.727E-001	5.227E-001
243	1107.67	-6.226E-003	2.056E-001
244	1110.85	1.999E-001	2.234E-001
245	1114.03	-7.230E-003	1.256E-001
246	1117.21	1.648E-002	7.391E-001
247	1120.39	-2.147E-001	5.868E-001
248	1123.57	-5.575E-001	6.632E-001
249	1126.74	5.277E-003	5.048E-001
250	1129.91	1.588E+000	6.688E+000
251	1133.08	4.238E-003	7.079E-002
252	1136.25	-8.069E-001	1.259E+000
253	1139.41	4.706E-003	2.610E-001
254	1142.58	5.267E-002	1.490E-001
255	1145.74	2.341E-001	4.212E-001
[END_OF_CALDATA]
