!FRM4SOC_CP
!POLDATA
# polarization sensitivity characterization results

# comments start with # (ignored by the processor)
# no empty lines between the parameter signatures in [] and the parameter values
# parameters are case insensitive
# parameters can be inserted in any order, except the first two signatures
# columns are tab- or space-delimited

# file format version
# type(s): string(255)
[VERSION]
0.1

# calibration date
# type(s): fixed format as shown
[CALDATE]
2026-03-17 08:44:24

# calibration lab name
# type(s): string(255)
[CALLAB]
Tartu Observatory

# calibration lab person to contact
# type(s): string(255)
[USER]
Riho Vendt

# serial number of the instrument
# type(s): string(255)
[DEVICE]
SAM_8729

# lab temperature (deg Celsius) during cal/char measurements
# type(s): single
[AMBIENT_TEMP]
21

# pixel no, wavelength (nm), semi-amplitude, uncertainty (k=2), angle of the max sensitivity plane (rad), uncertainty (rad, k=2)
# type(s): uint8, single, single, single, single, single
[CALDATA]
0	304.92	0.00E+00	0.00E+00	0.00E+00	0.00E+00
1	308.24	3.59E-03	8.40E-03	2.64E+02	1.36E+02
2	311.56	7.28E-03	1.73E-02	5.07E+01	2.08E+02
3	314.88	2.72E-03	1.07E-02	1.73E+02	2.71E+03
4	318.21	6.49E-03	1.04E-02	2.57E+02	9.65E+01
5	321.53	4.71E-03	1.19E-02	3.17E+02	2.63E+02
6	324.85	4.69E-03	7.80E-03	3.32E+02	2.67E+02
7	328.18	5.56E-03	4.64E-03	2.84E+02	5.08E+01
8	331.50	2.74E-03	5.25E-03	2.39E+02	1.44E+02
9	334.83	3.77E-03	2.80E-03	2.82E+02	4.44E+01
10	338.15	9.97E-04	2.73E-03	1.79E+01	7.05E+02
11	341.48	3.16E-05	1.59E-03	2.34E+02	4.13E+03
12	344.81	9.64E-04	1.35E-03	1.89E+01	3.40E+02
13	348.13	6.28E-04	9.58E-04	2.45E+02	1.05E+02
14	351.46	3.97E-04	9.67E-04	2.43E+02	1.71E+02
15	354.79	1.67E-04	8.50E-04	1.68E+01	1.40E+03
16	358.12	1.05E-04	5.01E-04	3.03E+02	3.71E+02
17	361.45	4.65E-04	3.90E-04	3.19E+02	9.28E+01
18	364.78	1.30E-04	5.61E-04	2.15E+02	5.56E+02
19	368.11	3.86E-04	5.55E-04	3.14E+02	1.41E+02
20	371.44	2.36E-04	3.70E-04	2.72E+02	9.01E+01
21	374.78	5.44E-05	4.07E-04	3.13E+02	7.07E+02
22	378.11	3.88E-04	5.00E-04	4.81E+01	1.19E+02
23	381.44	3.41E-04	4.06E-04	3.43E+01	1.57E+02
24	384.78	1.45E-04	3.05E-04	6.81E+01	1.39E+02
25	388.11	3.21E-04	2.65E-04	2.49E+02	5.37E+01
26	391.44	2.00E-04	4.00E-04	6.00E+01	1.48E+02
27	394.78	3.04E-04	2.76E-04	2.48E+02	6.01E+01
28	398.11	5.56E-05	3.14E-04	1.22E+02	4.28E+02
29	401.45	8.58E-05	2.06E-04	2.04E+01	5.41E+02
30	404.79	3.51E-05	2.12E-04	2.30E+02	5.41E+02
31	408.12	2.49E-05	1.80E-04	2.32E+02	6.20E+02
32	411.46	7.37E-05	2.26E-04	2.03E+02	6.21E+02
33	414.80	2.88E-04	9.17E-05	2.64E+02	1.85E+01
34	418.13	2.16E-04	1.53E-04	2.75E+02	4.08E+01
35	421.47	2.08E-04	1.32E-04	2.70E+02	3.64E+01
36	424.81	1.90E-04	1.08E-04	2.57E+02	3.41E+01
37	428.15	2.65E-04	1.09E-04	2.76E+02	2.38E+01
38	431.49	2.48E-04	1.20E-04	2.57E+02	2.91E+01
39	434.83	2.33E-04	1.09E-04	2.49E+02	3.04E+01
40	438.17	2.96E-04	1.00E-04	2.64E+02	1.97E+01
41	441.51	2.80E-04	1.01E-04	2.45E+02	2.47E+01
42	444.85	2.03E-04	9.14E-05	2.42E+02	3.25E+01
43	448.19	2.00E-04	8.23E-05	2.32E+02	3.53E+01
44	451.53	2.71E-04	6.08E-05	2.36E+02	1.79E+01
45	454.87	2.10E-04	8.22E-05	2.32E+02	3.38E+01
46	458.21	3.19E-04	7.59E-05	2.31E+02	2.05E+01
47	461.55	2.76E-04	9.34E-05	2.20E+02	3.78E+01
48	464.90	2.63E-04	9.24E-05	2.09E+02	5.45E+01
49	468.24	2.94E-04	1.03E-04	2.20E+02	3.88E+01
50	471.58	2.79E-04	7.92E-05	2.07E+02	4.76E+01
51	474.92	1.85E-04	7.21E-05	2.24E+02	3.93E+01
52	478.27	2.56E-04	7.61E-05	2.04E+02	5.74E+01
53	481.61	2.45E-04	7.54E-05	1.92E+02	1.22E+02
54	484.95	2.13E-04	8.40E-05	1.95E+02	1.17E+02
55	488.30	2.54E-04	9.98E-05	1.93E+02	1.37E+02
56	491.64	2.25E-04	8.66E-05	1.91E+02	1.63E+02
57	494.98	2.27E-04	9.38E-05	1.79E+02	1.48E+03
58	498.33	2.31E-04	1.08E-04	1.84E+02	5.13E+02
59	501.67	2.59E-04	8.49E-05	1.86E+02	2.45E+02
60	505.01	1.64E-04	9.44E-05	1.70E+02	2.75E+02
61	508.36	2.35E-04	8.39E-05	1.67E+02	1.24E+02
62	511.70	2.37E-04	7.88E-05	1.45E+02	4.22E+01
63	515.04	2.98E-04	1.02E-04	1.35E+02	3.42E+01
64	518.39	2.60E-04	7.35E-05	1.39E+02	3.11E+01
65	521.73	2.73E-04	8.53E-05	1.27E+02	2.63E+01
66	525.08	2.54E-04	6.47E-05	1.32E+02	2.34E+01
67	528.42	3.74E-04	8.98E-05	1.15E+02	1.65E+01
68	531.77	3.92E-04	1.03E-04	1.05E+02	1.62E+01
69	535.11	4.33E-04	9.14E-05	1.02E+02	1.28E+01
70	538.45	4.50E-04	6.75E-05	1.07E+02	9.51E+00
71	541.80	4.62E-04	7.31E-05	1.08E+02	1.02E+01
72	545.14	5.35E-04	1.04E-04	9.85E+01	1.15E+01
73	548.49	5.57E-04	1.08E-04	9.77E+01	1.15E+01
74	551.83	5.93E-04	1.16E-04	9.10E+01	1.14E+01
75	555.17	5.66E-04	6.87E-05	9.10E+01	7.22E+00
76	558.52	6.21E-04	7.56E-05	9.04E+01	7.25E+00
77	561.86	6.72E-04	8.33E-05	8.92E+01	7.36E+00
78	565.21	6.88E-04	1.12E-04	8.78E+01	9.51E+00
79	568.55	8.17E-04	1.73E-04	8.28E+01	1.24E+01
80	571.89	9.49E-04	1.14E-04	8.41E+01	7.22E+00
81	575.24	1.07E-03	9.17E-05	8.45E+01	5.34E+00
82	578.58	1.23E-03	8.49E-05	8.11E+01	4.48E+00
83	581.92	1.37E-03	9.41E-05	8.12E+01	4.46E+00
84	585.27	1.46E-03	1.35E-04	8.22E+01	5.75E+00
85	588.61	1.57E-03	1.86E-04	8.14E+01	7.21E+00
86	591.95	1.68E-03	2.06E-04	8.03E+01	7.49E+00
87	595.29	1.82E-03	1.31E-04	7.82E+01	4.71E+00
88	598.64	1.93E-03	1.00E-04	7.76E+01	3.64E+00
89	601.98	1.91E-03	9.81E-05	7.80E+01	3.60E+00
90	605.32	2.01E-03	1.30E-04	7.65E+01	4.34E+00
91	608.66	2.00E-03	1.99E-04	7.52E+01	6.37E+00
92	612.00	1.89E-03	2.46E-04	7.61E+01	8.11E+00
93	615.34	1.79E-03	2.03E-04	7.52E+01	7.18E+00
94	618.69	1.95E-03	1.48E-04	7.36E+01	5.06E+00
95	622.03	2.05E-03	1.27E-04	7.44E+01	4.23E+00
96	625.37	2.20E-03	1.18E-04	7.34E+01	3.79E+00
97	628.71	2.25E-03	1.27E-04	7.40E+01	3.93E+00
98	632.05	2.21E-03	1.82E-04	7.36E+01	5.42E+00
99	635.39	2.28E-03	2.64E-04	7.49E+01	7.34E+00
100	638.72	2.37E-03	2.77E-04	7.34E+01	7.50E+00
101	642.06	2.51E-03	2.17E-04	7.18E+01	5.75E+00
102	645.40	2.67E-03	1.80E-04	7.12E+01	4.64E+00
103	648.74	2.69E-03	1.32E-04	7.00E+01	3.62E+00
104	652.08	2.75E-03	1.31E-04	7.13E+01	3.51E+00
105	655.42	2.73E-03	1.66E-04	7.16E+01	4.25E+00
106	658.75	3.04E-03	2.62E-04	7.21E+01	5.72E+00
107	662.09	3.36E-03	3.07E-04	7.17E+01	6.04E+00
108	665.43	3.77E-03	3.22E-04	7.06E+01	5.74E+00
109	668.76	4.22E-03	2.61E-04	7.07E+01	4.33E+00
110	672.10	4.45E-03	2.15E-04	7.06E+01	3.56E+00
111	675.43	4.63E-03	1.93E-04	7.11E+01	3.20E+00
112	678.77	4.61E-03	1.92E-04	7.14E+01	3.18E+00
113	682.10	4.49E-03	2.21E-04	7.18E+01	3.59E+00
114	685.43	4.45E-03	2.97E-04	7.14E+01	4.59E+00
115	688.77	4.27E-03	3.40E-04	7.19E+01	5.33E+00
116	692.10	4.25E-03	3.78E-04	7.24E+01	5.86E+00
117	695.43	4.27E-03	3.48E-04	7.17E+01	5.44E+00
118	698.76	4.25E-03	2.72E-04	7.16E+01	4.42E+00
119	702.09	4.30E-03	2.08E-04	7.14E+01	3.55E+00
120	705.42	4.33E-03	1.88E-04	7.23E+01	3.27E+00
121	708.75	4.40E-03	1.90E-04	7.28E+01	3.25E+00
122	712.08	4.44E-03	2.13E-04	7.28E+01	3.49E+00
123	715.41	4.53E-03	3.04E-04	7.27E+01	4.57E+00
124	718.74	4.58E-03	3.78E-04	7.26E+01	5.48E+00
125	722.07	4.66E-03	4.03E-04	7.22E+01	5.73E+00
126	725.39	4.76E-03	4.04E-04	7.15E+01	5.66E+00
127	728.72	4.88E-03	3.55E-04	7.15E+01	4.95E+00
128	732.05	4.96E-03	2.59E-04	7.11E+01	3.77E+00
129	735.37	5.11E-03	2.22E-04	7.10E+01	3.29E+00
130	738.70	5.22E-03	2.18E-04	7.08E+01	3.20E+00
131	742.02	5.35E-03	2.24E-04	7.07E+01	3.20E+00
132	745.34	5.48E-03	2.55E-04	7.05E+01	3.46E+00
133	748.67	5.57E-03	3.11E-04	6.97E+01	4.01E+00
134	751.99	5.76E-03	4.26E-04	6.96E+01	5.09E+00
135	755.31	5.91E-03	4.65E-04	6.94E+01	5.39E+00
136	758.63	6.01E-03	4.72E-04	6.86E+01	5.42E+00
137	761.95	6.06E-03	4.51E-04	6.87E+01	5.16E+00
138	765.27	6.23E-03	3.60E-04	6.89E+01	4.15E+00
139	768.59	6.60E-03	3.11E-04	6.88E+01	3.53E+00
140	771.91	6.94E-03	2.99E-04	6.87E+01	3.30E+00
141	775.22	7.68E-03	3.24E-04	6.92E+01	3.24E+00
142	778.54	8.38E-03	3.51E-04	6.92E+01	3.22E+00
143	781.85	9.15E-03	3.98E-04	6.89E+01	3.32E+00
144	785.17	9.86E-03	4.73E-04	6.89E+01	3.57E+00
145	788.48	1.06E-02	5.65E-04	6.87E+01	3.90E+00
146	791.80	1.09E-02	6.28E-04	6.82E+01	4.17E+00
147	795.11	1.10E-02	6.12E-04	6.82E+01	4.03E+00
148	798.42	1.12E-02	6.21E-04	6.78E+01	4.04E+00
149	801.73	1.12E-02	5.84E-04	6.72E+01	3.85E+00
150	805.04	1.10E-02	5.35E-04	6.73E+01	3.64E+00
151	808.35	1.09E-02	4.76E-04	6.70E+01	3.37E+00
152	811.66	1.08E-02	4.48E-04	6.71E+01	3.25E+00
153	814.96	1.07E-02	4.45E-04	6.68E+01	3.26E+00
154	818.27	1.06E-02	4.47E-04	6.69E+01	3.28E+00
155	821.57	1.05E-02	4.56E-04	6.64E+01	3.36E+00
156	824.88	1.04E-02	4.99E-04	6.63E+01	3.63E+00
157	828.18	1.05E-02	5.27E-04	6.60E+01	3.78E+00
158	831.48	1.07E-02	5.91E-04	6.59E+01	4.10E+00
159	834.79	1.05E-02	5.99E-04	6.54E+01	4.21E+00
160	838.09	1.05E-02	6.43E-04	6.55E+01	4.48E+00
161	841.39	1.07E-02	6.04E-04	6.48E+01	4.20E+00
162	844.68	1.08E-02	5.61E-04	6.45E+01	3.94E+00
163	847.98	1.09E-02	4.97E-04	6.51E+01	3.51E+00
164	851.28	1.10E-02	4.51E-04	6.42E+01	3.26E+00
165	854.57	1.11E-02	4.59E-04	6.45E+01	3.27E+00
166	857.87	1.13E-02	4.68E-04	6.43E+01	3.29E+00
167	861.16	1.14E-02	4.68E-04	6.43E+01	3.27E+00
168	864.45	1.15E-02	4.80E-04	6.39E+01	3.31E+00
169	867.75	1.14E-02	4.82E-04	6.38E+01	3.34E+00
170	871.04	1.17E-02	5.33E-04	6.38E+01	3.55E+00
171	874.33	1.17E-02	5.99E-04	6.42E+01	3.90E+00
172	877.61	1.19E-02	5.94E-04	6.31E+01	3.85E+00
173	880.90	1.20E-02	6.62E-04	6.40E+01	4.16E+00
174	884.19	1.20E-02	6.92E-04	6.32E+01	4.35E+00
175	887.47	1.21E-02	6.34E-04	6.35E+01	3.99E+00
176	890.76	1.23E-02	5.97E-04	6.32E+01	3.76E+00
177	894.04	1.25E-02	5.76E-04	6.39E+01	3.58E+00
178	897.32	1.26E-02	5.53E-04	6.38E+01	3.44E+00
179	900.60	1.26E-02	5.45E-04	6.46E+01	3.39E+00
180	903.88	1.28E-02	5.31E-04	6.48E+01	3.27E+00
181	907.16	1.30E-02	5.38E-04	6.43E+01	3.29E+00
182	910.44	1.31E-02	5.42E-04	6.44E+01	3.28E+00
183	913.71	1.33E-02	5.57E-04	6.46E+01	3.31E+00
184	916.99	1.33E-02	5.78E-04	6.49E+01	3.39E+00
185	920.26	1.37E-02	5.92E-04	6.50E+01	3.39E+00
186	923.53	1.48E-02	7.04E-04	6.50E+01	3.65E+00
187	926.80	1.61E-02	8.07E-04	6.57E+01	3.78E+00
188	930.07	1.76E-02	7.97E-04	6.58E+01	3.49E+00
189	933.34	1.89E-02	8.52E-04	6.53E+01	3.49E+00
190	936.61	1.98E-02	9.12E-04	6.53E+01	3.55E+00
191	939.87	2.04E-02	9.32E-04	6.54E+01	3.52E+00
192	943.14	2.01E-02	8.74E-04	6.59E+01	3.37E+00
193	946.40	1.94E-02	8.07E-04	6.54E+01	3.27E+00
194	949.66	1.94E-02	8.28E-04	6.62E+01	3.32E+00
195	952.92	1.86E-02	7.75E-04	6.57E+01	3.27E+00
196	956.18	1.85E-02	7.80E-04	6.55E+01	3.30E+00
197	959.44	1.80E-02	7.52E-04	6.53E+01	3.29E+00
198	962.70	1.81E-02	7.71E-04	6.58E+01	3.32E+00
199	965.95	1.86E-02	8.24E-04	6.55E+01	3.43E+00
200	969.21	1.99E-02	8.50E-04	6.54E+01	3.33E+00
201	972.46	2.14E-02	8.98E-04	6.57E+01	3.29E+00
202	975.71	2.36E-02	1.03E-03	6.50E+01	3.40E+00
203	978.96	2.59E-02	1.18E-03	6.46E+01	3.53E+00
204	982.21	2.77E-02	1.20E-03	6.55E+01	3.37E+00
205	985.45	2.90E-02	1.29E-03	6.51E+01	3.44E+00
206	988.70	3.03E-02	1.37E-03	6.47E+01	3.49E+00
207	991.94	3.08E-02	1.32E-03	6.42E+01	3.37E+00
208	995.19	3.07E-02	1.36E-03	6.41E+01	3.45E+00
209	998.43	3.07E-02	1.40E-03	6.49E+01	3.52E+00
210	1001.67	3.02E-02	1.39E-03	6.39E+01	3.58E+00
211	1004.90	3.05E-02	1.44E-03	6.35E+01	3.66E+00
212	1008.14	2.84E-02	1.31E-03	6.32E+01	3.60E+00
213	1011.38	3.00E-02	1.39E-03	6.38E+01	3.59E+00
214	1014.61	2.76E-02	1.31E-03	6.48E+01	3.64E+00
215	1017.84	2.87E-02	1.40E-03	6.46E+01	3.74E+00
216	1021.07	2.76E-02	1.63E-03	6.51E+01	4.36E+00
217	1024.30	2.64E-02	1.74E-03	6.50E+01	4.81E+00
218	1027.53	2.60E-02	2.13E-03	6.40E+01	5.92E+00
219	1030.75	2.70E-02	2.21E-03	6.76E+01	5.68E+00
220	1033.98	2.17E-02	2.16E-03	6.36E+01	7.14E+00
221	1037.20	2.15E-02	2.31E-03	6.54E+01	7.49E+00
222	1040.42	1.22E-02	3.70E-03	6.41E+01	2.11E+01
223	1043.64	1.47E-02	4.19E-03	6.25E+01	2.03E+01
224	1046.86	2.31E-02	5.80E-03	5.54E+01	2.02E+01
225	1050.07	1.88E-02	8.84E-03	7.42E+01	2.91E+01
226	1053.29	1.15E-02	8.66E-03	6.27E+01	5.36E+01
227	1056.50	6.17E-03	1.63E-02	7.38E+01	1.64E+02
228	1059.71	1.21E-02	1.78E-02	2.14E+02	1.95E+02
229	1062.92	2.94E-02	2.19E-02	3.52E+02	4.24E+02
230	1066.13	3.01E-02	2.69E-02	1.28E+02	7.57E+01
231	1069.33	2.98E-02	2.84E-02	1.11E+02	6.23E+01
232	1072.54	9.99E-02	4.51E-02	6.73E+01	3.01E+01
233	1075.74	6.40E-03	3.12E-02	3.49E+02	1.96E+03
234	1078.94	5.20E-02	6.93E-02	3.11E+02	1.22E+02
235	1082.14	1.07E-01	1.32E-01	9.01E+01	7.11E+01
236	1085.34	1.13E-01	9.88E-02	3.21E+02	1.00E+02
237	1088.53	1.97E-01	1.30E-01	2.86E+02	4.10E+01
238	1091.73	2.86E-01	2.48E-01	4.44E+01	8.73E+01
239	1094.92	8.69E-02	3.50E-01	7.19E+01	2.55E+02
240	1098.11	4.18E-01	4.62E-01	1.43E+02	1.33E+02
241	1101.30	4.72E-01	3.48E-01	9.33E+01	4.24E+01
242	1104.48	5.28E+00	5.88E+00	6.52E+01	7.62E+01
243	1107.67	1.93E+00	1.37E+00	2.71E+02	4.08E+01
244	1110.85	6.87E-01	1.34E+00	1.58E+02	4.13E+02
245	1114.03	1.31E+00	1.63E+00	8.18E+01	7.29E+01
246	1117.21	6.18E+00	7.58E+00	1.45E+02	1.56E+02
247	1120.39	6.04E+00	3.78E+00	6.51E+01	4.29E+01
248	1123.57	9.88E+00	8.80E+00	7.54E+01	5.45E+01
249	1126.74	7.71E-01	3.83E-01	2.70E+02	2.86E+01
250	1129.91	1.33E+01	1.35E+01	3.18E+02	1.07E+02
251	1133.08	2.33E-01	2.70E-01	3.45E+02	3.62E+02
252	1136.25	2.60E-01	3.67E-01	1.42E+02	1.68E+02
253	1139.41	3.19E-01	2.48E-01	9.06E+01	4.45E+01
254	1142.58	1.12E-01	1.89E-01	7.77E+01	1.01E+02
255	1145.74	1.85E-01	3.07E-01	3.21E+02	1.93E+02
[END_OF_CALDATA]
