[Spectrum]
Version            = 1
IDData             = DLAB_2021-10-12_09-56-23_125_841
IDDevice           = SAM_8727
IDDataType         = SPECTRUM
IDDataTypeSub1     = BACK
IDDataTypeSub2     = 
IDDataTypeSub3     = 
DateTime           = 2021-10-12 09:47:33
PositionLatitude   = 0
PositionLongitude  = 0
Comment            = 
CommentSub1        = 
CommentSub2        = 
CommentSub3        = 
IDMethodType       = SAM Calibration Station
MethodName         = SAM Calibration Station_5
Mission            = 
MissionSub         = 0
RecordType         = 0

[Attributes]
CalFactor = 1
IDBasisSpec = 
IDDataBack = 
IDDataCal = 
IntegrationTime = 8192
P31 = -1
P31e = 0
PathLength = +INF
RAWDynamic = 65535
Temperature = +NAN
Unit1 = $05 $00 Pixel 
Unit2 = $03 $05 Intensity counts
Unit3 = $03 $05 Intensity counts
Unit4 = $f1 $00 Status 
[END] of [Attributes]
[DATA]
 0 12 0 0
 1 0.0189749763556347 0.022402205378833 0
 2 0.0188702550018172 0.0225184909396462 0
 3 0.0188599258150798 0.0227361703692128 0
 4 0.0188393759660244 0.0225673090654372 0
 5 0.0188641626293489 0.0227258005258575 0
 6 0.0188651749423411 0.0226116109285013 0
 7 0.0188823146470614 0.0226977786447984 0
 8 0.0188735939597165 0.0228538648182631 0
 9 0.0188680148972831 0.0225631813772631 0
 10 0.0188483478996135 0.0223636125592322 0
 11 0.0188606495438443 0.0226900392731124 0
 12 0.0188411919180448 0.0228001748473713 0
 13 0.018852911334 0.0226253988663394 0
 14 0.0188465111848826 0.0224916457796385 0
 15 0.0188692510636998 0.0226936542732984 0
 16 0.0188495856363192 0.0228175266387898 0
 17 0.0188683331425258 0.0223869769570733 0
 18 0.0188446767383469 0.0225099262397996 0
 19 0.0188519440359599 0.0225988323069545 0
 20 0.0188472204320927 0.0227395537258986 0
 21 0.018863895854691 0.0225026018014972 0
 22 0.0188432624313641 0.0225541158596303 0
 23 0.0188635854608935 0.0225060178012384 0
 24 0.0188328545556988 0.0226333546946496 0
 25 0.0188629512386035 0.0226713873454544 0
 26 0.0188384979999822 0.0227859313032517 0
 27 0.0188571416926365 0.0227830313081728 0
 28 0.0188422974015192 0.0226305730524668 0
 29 0.0188611729735197 0.0223875366021839 0
 30 0.0188462424909826 0.0228094739286841 0
 31 0.0188618317970044 0.0227151943258333 0
 32 0.0188526606111855 0.0229182212129977 0
 33 0.0188555558751966 0.0227136557381836 0
 34 0.0188373017886974 0.0225891820073128 0
 35 0.0188653284817125 0.0227282363611269 0
 36 0.0188471276105636 0.0226327557731354 0
 37 0.0188533032083503 0.022538074678159 0
 38 0.0188469130043967 0.0227419829278198 0
 39 0.0188702010885606 0.0226106831325678 0
 40 0.0188450075459018 0.0227810821511842 0
 41 0.0188587941601216 0.0227324040239517 0
 42 0.0188504051527143 0.0226796966613968 0
 43 0.0188489493203105 0.02268045216484 0
 44 0.0188540173409041 0.0226618887400114 0
 45 0.0188732943834656 0.022760792135654 0
 46 0.0188432092160137 0.0228085066817852 0
 47 0.0188638297280753 0.0227256476097261 0
 48 0.01885301881156 0.0224868177495481 0
 49 0.0188772049265703 0.0226671849448326 0
 50 0.0188383060757679 0.0227546480842007 0
 51 0.018857043462334 0.0224492040470482 0
 52 0.0188414030346805 0.0228703671919933 0
 53 0.0188549582929839 0.0227402696038146 0
 54 0.0188500856861358 0.0227538199630514 0
 55 0.0188525943100933 0.022879830535954 0
 56 0.0188444239218137 0.0227894134619127 0
 57 0.018878469183713 0.0225464059888875 0
 58 0.0188566407704371 0.02257290516742 0
 59 0.0188608651968706 0.0225960670735804 0
 60 0.0188464461051263 0.0226946428167362 0
 61 0.0188625776842918 0.0225753121999935 0
 62 0.0188453116585432 0.0225897667893217 0
 63 0.0188531487965961 0.0227744961092693 0
 64 0.0188380492462738 0.0224139788735717 0
 65 0.0188661352613188 0.0228348101765469 0
 66 0.0188520323210985 0.0227495713035542 0
 67 0.0188664890997794 0.0228204203496442 0
 68 0.0188386867836184 0.0227399625496194 0
 69 0.0188602470264239 0.0226963774372803 0
 70 0.0188518437119388 0.0227029851248576 0
 71 0.0188678500169354 0.0226928526855417 0
 72 0.0188522922911706 0.0228697962003661 0
 73 0.0188508284328451 0.0227475540674661 0
 74 0.0188495582434995 0.0229218309763299 0
 75 0.0188603206555316 0.0226545384665636 0
 76 0.0188403587924782 0.0227654525864225 0
 77 0.0188631281578338 0.0227037898547266 0
 78 0.0188518672662742 0.0227513877935796 0
 79 0.0188662959542292 0.0225162623092259 0
 80 0.0188548944345635 0.0227409723895961 0
 81 0.0188600906954275 0.0228698457759155 0
 82 0.0188511149233541 0.022739630358526 0
 83 0.0188620638508272 0.0227756147012434 0
 84 0.0188399004425591 0.0227447347199359 0
 85 0.0188647080430706 0.0227923138061151 0
 86 0.0188525386520712 0.0229329215853315 0
 87 0.0188629023851671 0.0230764866158951 0
 88 0.0188373417438293 0.0228291892867894 0
 89 0.0188721410934142 0.0229814902623193 0
 90 0.0188535726001566 0.0225742302659961 0
 91 0.0188746544282388 0.0227820822157004 0
 92 0.0188664538555146 0.0229362609524452 0
 93 0.0188600551022096 0.0227862718733112 0
 94 0.0188496697340204 0.0225876039686977 0
 95 0.0188681865822167 0.0229629910762308 0
 96 0.0188518330688687 0.0225132254577007 0
 97 0.0188555413936423 0.0226088580890145 0
 98 0.0188412573467542 0.0227002226844721 0
 99 0.0188665330678721 0.0227540997856067 0
 100 0.0188469027102798 0.0229453311832464 0
 101 0.0188648373302005 0.022659217595444 0
 102 0.0188573449578271 0.0227970149297816 0
 103 0.01887046018625 0.0227051554516388 0
 104 0.0188540726499731 0.0226507843406281 0
 105 0.01886735345665 0.0226467931597766 0
 106 0.0188488718527186 0.0225916141767846 0
 107 0.018871957020645 0.0228566134682668 0
 108 0.0188509418426081 0.0226613861766073 0
 109 0.0188663934866254 0.0224665270357707 0
 110 0.0188591389258011 0.022704755879693 0
 111 0.0188637070710548 0.0226878771507355 0
 112 0.0188513619821609 0.0225145933239162 0
 113 0.0188653244687517 0.0226672146203375 0
 114 0.01885185784454 0.0227285917689389 0
 115 0.0188725136008665 0.0227903763447668 0
 116 0.0188530879042772 0.0226158224063364 0
 117 0.0188599469267434 0.0227674251346914 0
 118 0.018852891967102 0.0225292423750827 0
 119 0.0188735958789586 0.0224960356596268 0
 120 0.0188376278853851 0.022666696346372 0
 121 0.0188748248918364 0.0227859311286899 0
 122 0.0188512346142732 0.0227726626867499 0
 123 0.0188804393730111 0.0224941903669055 0
 124 0.0188592976994693 0.0228451775760372 0
 125 0.0188599994441875 0.0225540706481258 0
 126 0.0188426514144563 0.0225465280075813 0
 127 0.0188639438357446 0.0226394720381484 0
 128 0.0188637929135215 0.0229149754110054 0
 129 0.0188700852361258 0.0225642503936878 0
 130 0.0188502219523279 0.0225204606949264 0
 131 0.0188717628282354 0.0228778337235957 0
 132 0.0188511597638296 0.0227591741223881 0
 133 0.0188667672154136 0.0227973223331003 0
 134 0.0188620045287973 0.0228344710029818 0
 135 0.0188603525847418 0.0225692672996391 0
 136 0.0188518918674689 0.02268909698855 0
 137 0.0188674878036 0.0226462687761483 0
 138 0.0188542345642194 0.0223932889369721 0
 139 0.0188782622545146 0.0226316947865532 0
 140 0.0188620148229142 0.0224593748899588 0
 141 0.0188716851861669 0.0227880435009556 0
 142 0.0188553192849833 0.0226332480373936 0
 143 0.0188736171650987 0.0227381567078635 0
 144 0.0188474514390561 0.0228467392058438 0
 145 0.0188666086162219 0.0227160563119707 0
 146 0.0188582321711268 0.022689927029879 0
 147 0.0188705001413818 0.02251483893236 0
 148 0.0188367169432734 0.0231232660344973 0
 149 0.0188609901220864 0.0228255976778838 0
 150 0.0188505801527024 0.0225356016612275 0
 151 0.0188681468015613 0.0227630563766802 0
 152 0.0188636613581964 0.0230013430005563 0
 153 0.0188711696079367 0.0227765428463005 0
 154 0.0188514340409795 0.022638794563827 0
 155 0.0188725055749448 0.0228334016374335 0
 156 0.0188575372309945 0.0225907097721313 0
 157 0.0188566587415226 0.022481108531523 0
 158 0.0188497231238473 0.0222540163809159 0
 159 0.0188640099623602 0.0229459821241751 0
 160 0.0188448644751238 0.0225794217337411 0
 161 0.0188599778090942 0.0228453259535619 0
 162 0.0188562701822269 0.0227506397962935 0
 163 0.018866898247309 0.0227491266946657 0
 164 0.0188503179144351 0.0226730235131468 0
 165 0.0188664828186233 0.0225685926183064 0
 166 0.0188638150720444 0.0225464278091117 0
 167 0.018869882843318 0.0225073202067813 0
 168 0.0188564397734418 0.0227468650720663 0
 169 0.0188575811990872 0.0227371657205606 0
 170 0.0188582557254622 0.0228089371511685 0
 171 0.0188779085905306 0.022775847741238 0
 172 0.01884617671332 0.0229943497059766 0
 173 0.0188558999429699 0.0228110095487834 0
 174 0.018855942166297 0.0225910892694709 0
 175 0.0188699079679424 0.0226005508678136 0
 176 0.0188656285813931 0.0226171141636099 0
 177 0.0188727008142137 0.0227730495156848 0
 178 0.0188455526106704 0.0227550462596522 0
 179 0.0188500506163475 0.0224870425851384 0
 180 0.0188434981491945 0.0227433068044633 0
 181 0.0188608601370504 0.0227583290687447 0
 182 0.0188630217271331 0.0228328179027953 0
 183 0.0188576071960944 0.0226195185777565 0
 184 0.01884905226148 0.0225533708298948 0
 185 0.0188657386761015 0.0223382434937522 0
 186 0.0188506026601785 0.0224513883387729 0
 187 0.0188548213288855 0.0226434990041675 0
 188 0.0188580524602716 0.0226403804577229 0
 189 0.018863930226573 0.0226577507526915 0
 190 0.0188557879290194 0.022547941434425 0
 191 0.0188666323450339 0.0224009240952672 0
 192 0.0188581142249733 0.0226330216307472 0
 193 0.0188748679875463 0.0227177118560223 0
 194 0.0188671097128978 0.0226380257936875 0
 195 0.0188690640248292 0.0228684147183307 0
 196 0.0188514261895344 0.0227276173650064 0
 197 0.0188706053507466 0.0225413515521506 0
 198 0.0188508361098137 0.0227054867699233 0
 199 0.0188642127041212 0.0222128683257787 0
 200 0.0188692625791527 0.0224836134932627 0
 201 0.0188845566708376 0.022721766228243 0
 202 0.0188596799776089 0.022625331485487 0
 203 0.0188726228231921 0.0224943404900481 0
 204 0.0188532126550165 0.0226669279898723 0
 205 0.0188661661436697 0.022455670863258 0
 206 0.0188562455810322 0.0226907987914768 0
 207 0.0188662643739721 0.0228706012793587 0
 208 0.0188577464283881 0.0227840092033411 0
 209 0.0188667961785223 0.0226214391066109 0
 210 0.0188570555012166 0.0227668050912002 0
 211 0.0188704559988126 0.0226794393573129 0
 212 0.0188491531089308 0.0227182838950203 0
 213 0.0188804636252527 0.0228030696055965 0
 214 0.0188526846889506 0.0227194920371945 0
 215 0.0188703781822675 0.0224617943164196 0
 216 0.0188600797034044 0.022794588520849 0
 217 0.018864552584457 0.022595560495255 0
 218 0.0188579058999625 0.0227822541590672 0
 219 0.0188736096626067 0.0229548324071163 0
 220 0.0188566580436164 0.0227807208082712 0
 221 0.0188818140738152 0.0227185541166769 0
 222 0.0188616883772734 0.0227940592494905 0
 223 0.0188568892250564 0.0226627238436325 0
 224 0.0188707855850315 0.0225069267444982 0
 225 0.0188692056997946 0.0228296434965767 0
 226 0.018868742813485 0.0226066947447051 0
 227 0.0188794298516438 0.0229041372183575 0
 228 0.0188616676145629 0.0226874224172629 0
 229 0.018861164947598 0.0226614673478414 0
 230 0.0188632024848477 0.0228480033823538 0
 231 0.0188756231220914 0.0226454729489308 0
 232 0.0188630923901393 0.0226230803365954 0
 233 0.0188638133272789 0.0230359284050588 0
 234 0.0188663418415641 0.0228010495765196 0
 235 0.0188838004894333 0.0225507071914845 0
 236 0.0188722119308969 0.0225608825730018 0
 237 0.0188838495173462 0.0225950128949081 0
 238 0.0188725416915924 0.0226498064454597 0
 239 0.0188762737451778 0.0228052896824889 0
 240 0.0188644967519583 0.0226114414289997 0
 241 0.0188793876283167 0.0229771176639486 0
 242 0.0188686243439018 0.0225297578560595 0
 243 0.0188779103352962 0.0228407110634216 0
 244 0.0188668056002564 0.0225469113452803 0
 245 0.0188935020839899 0.0226023272086264 0
 246 0.0188747420154711 0.0228832128452689 0
 247 0.0188921172635454 0.0225937138060393 0
 248 0.0188954221985157 0.0228283217146747 0
 249 0.018912848044792 0.022641314537881 0
 250 0.0189122693060475 0.0226667668693367 0
 251 0.0189281951773507 0.0227090439901555 0
 252 0.0189397416870365 0.02281287578892 0
 253 0.0189803518039243 0.0226149806693672 0
 254 0.0190476083297733 0.0226476628266329 0
 255 0.0195327845431412 0.0237839656657614 0
[END] of [DATA]
[END] of [Spectrum]

