[Spectrum]
Version            = 1
IDData             = DLAB_2021-10-12_15-33-52_668_660
IDDevice           = SAM_8729
IDDataType         = SPECTRUM
IDDataTypeSub1     = BACK
IDDataTypeSub2     = 
IDDataTypeSub3     = 
DateTime           = 2021-10-12 15:24:43
PositionLatitude   = 0
PositionLongitude  = 0
Comment            = 
CommentSub1        = 
CommentSub2        = 
CommentSub3        = 
IDMethodType       = SAM Calibration Station
MethodName         = SAM Calibration Station_3
Mission            = 
MissionSub         = 0
RecordType         = 0

[Attributes]
CalFactor = 1
IDBasisSpec = 
IDDataBack = 
IDDataCal = 
IntegrationTime = 8192
P31 = -1
P31e = 0
PathLength = +INF
RAWDynamic = 65535
Temperature = +NAN
Unit1 = $05 $00 Pixel 
Unit2 = $03 $05 Intensity counts
Unit3 = $03 $05 Intensity counts
Unit4 = $f1 $00 Status 
[END] of [Attributes]
[DATA]
 0 12 0 0
 1 0.0188433852628612 0.0239048013542895 0
 2 0.0188010591690209 0.0240099453340573 0
 3 0.0187319929723075 0.0237634113636755 0
 4 0.0187559245260191 0.0238721560295622 0
 5 0.0187349426730049 0.023431344209117 0
 6 0.0187766347190317 0.0238732297591553 0
 7 0.018748662811656 0.02358567848042 0
 8 0.0187825098681848 0.0239307033569257 0
 9 0.0187491462861994 0.0234887588050011 0
 10 0.0187702638819761 0.0238899105350388 0
 11 0.0187246380874622 0.0236268073337598 0
 12 0.0187656400787004 0.0236965335983926 0
 13 0.0187352689441692 0.0235947305567946 0
 14 0.0187737291609037 0.0237649457618423 0
 15 0.0187534912759348 0.023579293010006 0
 16 0.0187692700634991 0.0236136472946937 0
 17 0.018734492523484 0.0236538455591113 0
 18 0.0187598427460924 0.0237832351246548 0
 19 0.0187290532167741 0.023665045269234 0
 20 0.0187677721822448 0.0238610374906736 0
 21 0.0187357775433371 0.0235910415424081 0
 22 0.0187643201635356 0.0234725210669501 0
 23 0.0187226443438287 0.0236888237276497 0
 24 0.0187597764450002 0.0237248071975581 0
 25 0.0187478747010414 0.0234951198367639 0
 26 0.018767690701692 0.0237245359285307 0
 27 0.0187286451161038 0.0236456827005138 0
 28 0.0187695719079453 0.0235091849787304 0
 29 0.0187214462133017 0.0235502989943178 0
 30 0.0187731469326281 0.0234097287458871 0
 31 0.0187357183957838 0.0235821509356926 0
 32 0.0187642669481853 0.0234864648884699 0
 33 0.0187367165761747 0.0238516870881934 0
 34 0.0187506993020463 0.0236052489522365 0
 35 0.0187264931222318 0.0236712745068426 0
 36 0.0187607252485251 0.023833634605735 0
 37 0.0187387141582926 0.0235739894735895 0
 38 0.018754560468285 0.0233862367433749 0
 39 0.0187369854445513 0.0237361378290261 0
 40 0.0187656179201774 0.0233256112578572 0
 41 0.0187298458637791 0.0234425912254858 0
 42 0.0187523768941559 0.0232871818280953 0
 43 0.0187333545873698 0.0232627615059641 0
 44 0.0187579233294728 0.0233978890922287 0
 45 0.0187353581016906 0.0236032908925964 0
 46 0.0187509435692281 0.0233115434974638 0
 47 0.0187273539895712 0.0232333848508241 0
 48 0.0187473894817323 0.0233659240348115 0
 49 0.0187434267701366 0.0234744176808388 0
 50 0.0187460871887 0.023327777744279 0
 51 0.0187403556337545 0.0233622310055037 0
 52 0.0187634223071658 0.0232686716446138 0
 53 0.0187299803852057 0.0235727841244039 0
 54 0.0187650430199173 0.0234092247859887 0
 55 0.0187276286156742 0.0234393223813367 0
 56 0.0187522345212842 0.0233908432545491 0
 57 0.0187332212872791 0.0233376984401391 0
 58 0.0187631712353982 0.0232876554142416 0
 59 0.0187380497515579 0.0234801611129754 0
 60 0.0187579676465186 0.0229937939012254 0
 61 0.0187377154544719 0.0233989204033059 0
 62 0.0187600624120795 0.0235327373796233 0
 63 0.0187340053849328 0.023504633629083 0
 64 0.0187546081003855 0.0233189217007986 0
 65 0.0187329323540983 0.0234754140795572 0
 66 0.0187470038885381 0.023440775084584 0
 67 0.0187437347212622 0.023284968384551 0
 68 0.0187641121874779 0.0233555405756361 0
 69 0.0187347242283537 0.0233764989882745 0
 70 0.0187543242270249 0.0233726160357352 0
 71 0.0187519511713533 0.0233061793881049 0
 72 0.0187611209613597 0.0231413340529554 0
 73 0.0187310815067662 0.0234967375009062 0
 74 0.0187550036387435 0.0232296488793151 0
 75 0.0187335547119823 0.0233445246790822 0
 76 0.0187595962107153 0.0232964669444646 0
 77 0.0187299060581918 0.0233904044061997 0
 78 0.0187602733542387 0.0233004645841024 0
 79 0.0187367579271191 0.023392283563909 0
 80 0.0187555174722082 0.0233041429502195 0
 81 0.0187257662528892 0.0231716636409273 0
 82 0.0187558578759737 0.0231706316316029 0
 83 0.0187363555841753 0.0233671327006711 0
 84 0.0187557727314132 0.0232927463343934 0
 85 0.0187267677483348 0.0233180773454024 0
 86 0.018758916275567 0.0234928725282317 0
 87 0.0187294506743742 0.0234469404325761 0
 88 0.0187595227560842 0.0234499401024392 0
 89 0.018727489208904 0.0233654783785521 0
 90 0.0187640062802069 0.0231849582671363 0
 91 0.0187279920503455 0.0232797954203562 0
 92 0.0187634659263054 0.0233769652428255 0
 93 0.0187359172990604 0.0233108902872318 0
 94 0.0187660822022995 0.0231964615402183 0
 95 0.0187231892341208 0.023124646469162 0
 96 0.0187563713604853 0.0233663071979487 0
 97 0.0187416057582959 0.0235316706325019 0
 98 0.0187532238033707 0.0232358784660472 0
 99 0.018732930085903 0.0233160951962349 0
 100 0.0187557947154596 0.0234881061184544 0
 101 0.018754424551046 0.0233715119323899 0
 102 0.0187604136333917 0.0230193534136224 0
 103 0.0187443097959989 0.0233711924843075 0
 104 0.0187491520439259 0.023419042141267 0
 105 0.0187449244769144 0.0231812299763462 0
 106 0.0187610804827981 0.0231408253798885 0
 107 0.0187406131611548 0.0231055916528841 0
 108 0.0187587533144614 0.0234755828808118 0
 109 0.0187227291394361 0.0232728331977758 0
 110 0.0187419198161011 0.0231494148675098 0
 111 0.0187168253761275 0.02311835072351 0
 112 0.0187695506218051 0.023478886288196 0
 113 0.0187367256489558 0.023553890952347 0
 114 0.0187547757723582 0.0234678328608564 0
 115 0.018744051745169 0.0235276513472017 0
 116 0.0187523018692358 0.023516050494077 0
 117 0.0187384964115476 0.0233865090597731 0
 118 0.0187591157022733 0.0231710359167171 0
 119 0.0187270259736413 0.0234803042536463 0
 120 0.0187332500759113 0.0233812727296471 0
 121 0.0187171727589554 0.023265284098445 0
 122 0.0187607318786343 0.0232763352564813 0
 123 0.0187349384855675 0.02334933298369 0
 124 0.0187580088229864 0.0232662290014344 0
 125 0.0187292610183552 0.0233116293818663 0
 126 0.0187502269940025 0.0234635070450464 0
 127 0.0187225834515098 0.0233784394171734 0
 128 0.018757228563817 0.0233511484263446 0
 129 0.0187344250010559 0.023225219024676 0
 130 0.0187490231057492 0.023155206129578 0
 131 0.0187300674490084 0.0232884419896841 0
 132 0.0187570820035079 0.0234519934728186 0
 133 0.0187246174992283 0.023418074021559 0
 134 0.0187590375367751 0.0234285637888667 0
 135 0.0187262643834636 0.0235716973026763 0
 136 0.0187634933191251 0.0234348672152376 0
 137 0.0187342667508174 0.0231592156394178 0
 138 0.0187455773681961 0.0231807237471445 0
 139 0.0187360554844947 0.0232778823976589 0
 140 0.0187499111914317 0.0230786415812384 0
 141 0.0187355153050697 0.0232456610835286 0
 142 0.0187583699894624 0.0231277184076077 0
 143 0.0187261307344198 0.02315047759971 0
 144 0.0187543003237364 0.0232545639095696 0
 145 0.0187212267217912 0.0231023535316107 0
 146 0.0187606545855189 0.0230138391811209 0
 147 0.0187244950166843 0.0235138833094081 0
 148 0.0187560300843369 0.0232746475930597 0
 149 0.0187207385363806 0.023272794968743 0
 150 0.018760495288421 0.0232674891630232 0
 151 0.0187107244543078 0.0230576369097247 0
 152 0.0187494709870747 0.0229565836110308 0
 153 0.0187248954403859 0.0236058461281328 0
 154 0.0187512335492683 0.0230459595985344 0
 155 0.0187280915019838 0.0232844258464962 0
 156 0.0187623265943786 0.0232883636114388 0
 157 0.0187315463123179 0.0232969745701607 0
 158 0.018760671160792 0.0232455163718016 0
 159 0.018730799029218 0.0235141585933568 0
 160 0.0187628795105924 0.0232021295616601 0
 161 0.0187342137099436 0.0232895644220177 0
 162 0.0187482247010177 0.0231601762529686 0
 163 0.0187362809082083 0.0231303700012542 0
 164 0.0187502988783446 0.0234245497404203 0
 165 0.0187376765461994 0.0231798930075682 0
 166 0.0187630175215502 0.0234172038310174 0
 167 0.0187294114171486 0.0231353638650487 0
 168 0.018751078788561 0.0231087287028788 0
 169 0.0187321222594374 0.0232095329018932 0
 170 0.0187491607677538 0.0230792670361453 0
 171 0.0187311865416543 0.0231024697897654 0
 172 0.0187405290634537 0.0230569011317642 0
 173 0.01873032288269 0.0231148371437262 0
 174 0.0187542109917384 0.0231906645176109 0
 175 0.0187387047365584 0.0231265945787798 0
 176 0.0187560553834379 0.0229881227376713 0
 177 0.0187233970357019 0.0230927807374054 0
 178 0.0187462628865943 0.0229222366579384 0
 179 0.0187254511482246 0.0230215125684488 0
 180 0.0187472882853284 0.023314559227012 0
 181 0.0187397577025887 0.023491897426052 0
 182 0.0187599779654252 0.0232111624362375 0
 183 0.018721821512379 0.0233963663897021 0
 184 0.0187558749746765 0.0230693030489602 0
 185 0.018734277568364 0.0233594690888036 0
 186 0.0187620544109475 0.0234297115326604 0
 187 0.018742474651557 0.0232711654343987 0
 188 0.0187552852439089 0.0232236872449362 0
 189 0.0187206284416722 0.0234075882691726 0
 190 0.018757715004462 0.0231101187384422 0
 191 0.0187257165270701 0.0232094229279631 0
 192 0.018743917398219 0.0232295252895651 0
 193 0.0187159395586402 0.0230431797019696 0
 194 0.0187475295864088 0.0230380612010544 0
 195 0.0187339750260117 0.0232511625730192 0
 196 0.0187516440926104 0.023513748024018 0
 197 0.0187369887596059 0.0232323076299951 0
 198 0.0187518941175186 0.0233735981203866 0
 199 0.0187224986559024 0.0233135359457772 0
 200 0.018753535069551 0.0232772981393354 0
 201 0.0187204930478629 0.0231991642804703 0
 202 0.0187594226065396 0.0230751053084214 0
 203 0.0187246832768909 0.0230872125653096 0
 204 0.0187519661763373 0.0233670801575712 0
 205 0.0187183902563803 0.0230801372266869 0
 206 0.0187533347704618 0.0231936285768682 0
 207 0.0187192411785559 0.0233751478799912 0
 208 0.0187468780909395 0.0231807211287176 0
 209 0.0187300149315643 0.0233243236900668 0
 210 0.0187424418499641 0.0233325923331113 0
 211 0.0187245977833772 0.0234354657876283 0
 212 0.0187529289379869 0.0236083814636246 0
 213 0.0187294039146566 0.0233062401356091 0
 214 0.0187541921482701 0.0230973647301083 0
 215 0.0187224349719585 0.0232035548587057 0
 216 0.018746922931415 0.0232546517141519 0
 217 0.0187218414027067 0.0232644741317222 0
 218 0.0187686838222627 0.0235819329080123 0
 219 0.0187259599218691 0.0232201024439406 0
 220 0.0187519923478211 0.0231301617490343 0
 221 0.0187333184707222 0.0233156374952117 0
 222 0.0187499307328063 0.0231595296760847 0
 223 0.0187409910773805 0.0235508394376311 0
 224 0.0187692695400695 0.023562128697954 0
 225 0.0187119124651944 0.0233975996687747 0
 226 0.0187533148801342 0.0234944062281512 0
 227 0.018722549777534 0.023416022047674 0
 228 0.0187638211605784 0.0233167606257925 0
 229 0.0187220090746793 0.0232654913032942 0
 230 0.0187656123369276 0.0232502944772191 0
 231 0.0187324035156496 0.0233667355725904 0
 232 0.0187596167989492 0.0236321028403338 0
 233 0.018737618619982 0.0234963557342634 0
 234 0.0187581063553826 0.0233109550496572 0
 235 0.0187419948410213 0.0234539187148415 0
 236 0.0187514125622173 0.0231852043992655 0
 237 0.0187183257000537 0.0233270196224089 0
 238 0.0187497124626317 0.0234882527503611 0
 239 0.0187474934697612 0.0233733670005717 0
 240 0.0187537877116076 0.0236113343509271 0
 241 0.0187421433205725 0.0236812817853524 0
 242 0.0187640235533862 0.0234385733366799 0
 243 0.0187465101198777 0.0236942894319726 0
 244 0.0187659869380986 0.0233177334586688 0
 245 0.0187413553844345 0.0233817613281077 0
 246 0.0187764281387865 0.0234890705723646 0
 247 0.0187477284896854 0.0234251673400465 0
 248 0.0187817627595614 0.0234523066366765 0
 249 0.0187707545100585 0.02367841356052 0
 250 0.018794609817514 0.023547550344314 0
 251 0.0187859747981592 0.0233277108871119 0
 252 0.0188237833449479 0.0238333272024163 0
 253 0.0188345776861901 0.0234445056446774 0
 254 0.018917598169096 0.0235460548734273 0
 255 0.0193371383948899 0.0243427320323295 0
[END] of [DATA]
[END] of [Spectrum]

