[Spectrum]
Version            = 1
IDData             = DLAB_2021-10-12_09-51-29_098_882
IDDevice           = SAM_872B
IDDataType         = SPECTRUM
IDDataTypeSub1     = BACK
IDDataTypeSub2     = 
IDDataTypeSub3     = 
DateTime           = 2021-10-12 09:45:12
PositionLatitude   = 0
PositionLongitude  = 0
Comment            = 
CommentSub1        = 
CommentSub2        = 
CommentSub3        = 
IDMethodType       = SAM Calibration Station
MethodName         = SAM Calibration Station
Mission            = 
MissionSub         = 0
RecordType         = 0

[Attributes]
CalFactor = 1
IDBasisSpec = 
IDDataBack = 
IDDataCal = 
IntegrationTime = 8192
P31 = -1
P31e = 0
PathLength = +INF
RAWDynamic = 65535
Temperature = +NAN
Unit1 = $05 $00 Pixel 
Unit2 = $03 $05 Intensity counts
Unit3 = $03 $05 Intensity counts
Unit4 = $f1 $00 Status 
[END] of [Attributes]
[DATA]
 0 12 0 0
 1 0.0188609234720411 0.0225677552453819 0
 2 0.0187855762936997 0.0224628615872264 0
 3 0.018744580060188 0.0226258857191821 0
 4 0.0187398477324929 0.0228869266474301 0
 5 0.0187590621379699 0.0226811898629802 0
 6 0.018774236015306 0.0225991154461839 0
 7 0.0187822854913306 0.0226736884190191 0
 8 0.0187799169720495 0.0226520471206438 0
 9 0.0187645185433826 0.0228196042732586 0
 10 0.0187620428954946 0.0225472451074299 0
 11 0.0187509350198768 0.0227983023230102 0
 12 0.0187542392569409 0.0224709207561184 0
 13 0.0187548951143242 0.0226421297414577 0
 14 0.0187630421227449 0.0224207955116161 0
 15 0.0187514085492564 0.0227482456812928 0
 16 0.0187566379606666 0.0229807571027857 0
 17 0.018755457103319 0.0231158846890503 0
 18 0.0187669004973587 0.0226540833839674 0
 19 0.0187444675228078 0.0223647316748917 0
 20 0.0187579158269808 0.0229743269445526 0
 21 0.018758829735194 0.0224509337798621 0
 22 0.0187593072775345 0.0227443286892037 0
 23 0.0187454377869494 0.0228607097353181 0
 24 0.0187493991027327 0.0228028016532431 0
 25 0.0187557455130701 0.0226671203569689 0
 26 0.0187553314801969 0.0228844534559368 0
 27 0.018759665477909 0.0227174868458702 0
 28 0.0187594519186015 0.0227684990388463 0
 29 0.0187375462122102 0.0229485136193075 0
 30 0.0187627502234626 0.0229239850688642 0
 31 0.0187608215595854 0.0226169814966467 0
 32 0.0187544317045849 0.022985000525429 0
 33 0.0187475451148225 0.0229424748286159 0
 34 0.0187725987272814 0.0229396387231535 0
 35 0.0187438947162664 0.0229435284836027 0
 36 0.0187574361909216 0.0227906828752765 0
 37 0.0187625321277645 0.022803299328917 0
 38 0.0187526433198607 0.0227241608669291 0
 39 0.0187517170238118 0.0227687046726393 0
 40 0.0187604026413685 0.0228954342655702 0
 41 0.0187545773925112 0.0225492567575406 0
 42 0.0187638487278747 0.0228317466170673 0
 43 0.0187541099698111 0.0227299653956936 0
 44 0.0187617136582288 0.0229210805351787 0
 45 0.0187596626862841 0.0227366006640344 0
 46 0.0187604528906173 0.0230494543256445 0
 47 0.0187582991519797 0.0227697358091548 0
 48 0.0187682478053431 0.0230629004714905 0
 49 0.0187550477813128 0.0228494094776022 0
 50 0.0187663283887235 0.0228664770824205 0
 51 0.0187570929955311 0.0229175458334178 0
 52 0.0187693951631916 0.0228613507262246 0
 53 0.0187600528158688 0.0229231380950411 0
 54 0.0187597300342356 0.0228847076179085 0
 55 0.0187548558570985 0.0227732809846232 0
 56 0.0187695441661725 0.0228940604642537 0
 57 0.0187521685691451 0.0226330160447698 0
 58 0.0187656362402161 0.0226536846848306 0
 59 0.0187525251992306 0.0229735410673573 0
 60 0.0187705819527422 0.0227337910919646 0
 61 0.0187633893310962 0.0229913755221354 0
 62 0.0187604312555241 0.022741500439022 0
 63 0.0187735885327976 0.0230432441152715 0
 64 0.0187823742998988 0.0227872096192671 0
 65 0.0187641568534769 0.0228445762106579 0
 66 0.0187688567285321 0.0230790987585761 0
 67 0.0187526415750951 0.0228959279263229 0
 68 0.0187729061549774 0.0228818685448956 0
 69 0.0187612246004354 0.0228491762630458 0
 70 0.0187472118645958 0.022760082192839 0
 71 0.0187575640822389 0.0227883212287694 0
 72 0.01876769384227 0.0228676703868423 0
 73 0.0187626929951514 0.0227509587206907 0
 74 0.0187668568782191 0.0227623829172801 0
 75 0.0187687733287372 0.0227155294844773 0
 76 0.0187508102691375 0.0226250649296281 0
 77 0.018766556604062 0.0228515614753951 0
 78 0.0187623283391442 0.0228322584322465 0
 79 0.0187612485037239 0.0226065578882588 0
 80 0.0187740590960757 0.0224741599247625 0
 81 0.0187713034133114 0.0226476104580948 0
 82 0.0187702302080003 0.0227099916861336 0
 83 0.0187614906771871 0.0225342393809894 0
 84 0.0187759973561637 0.0228631151968354 0
 85 0.018775625372141 0.0228509883890263 0
 86 0.0187667129350583 0.0224948954219903 0
 87 0.018754743843148 0.0226943647397988 0
 88 0.0187621622374606 0.0228331322885858 0
 89 0.018767449226135 0.0225373624660407 0
 90 0.0187897438407751 0.0225553486150175 0
 91 0.0187673529150748 0.022697766250911 0
 92 0.0187827694893038 0.0227685480907104 0
 93 0.0187697449886913 0.0227210566345515 0
 94 0.0187857535618831 0.0227566986615915 0
 95 0.0187677538622061 0.0226284711539087 0
 96 0.0187856096187224 0.0225760392498643 0
 97 0.0187770986522007 0.0226849720933646 0
 98 0.0187798271166219 0.0228448211208545 0
 99 0.0187755765187047 0.0226435203007063 0
 100 0.0187720875109651 0.022563602943995 0
 101 0.0187577097701652 0.0228058009739826 0
 102 0.0187724162248013 0.0227842116950219 0
 103 0.0187732779645235 0.0227107995581149 0
 104 0.0187719583983119 0.0226155940795103 0
 105 0.0187686524164822 0.022820863038353 0
 106 0.018773331528827 0.0228323418727839 0
 107 0.0187722328499383 0.0227118057322938 0
 108 0.0187680129598954 0.0227821010683741 0
 109 0.0187746479544606 0.0225783612708442 0
 110 0.0187892223303419 0.0226584118182042 0
 111 0.0187724204122387 0.0230322458494587 0
 112 0.0187708035379714 0.0228620716664326 0
 113 0.0187739107910011 0.0228965743286449 0
 114 0.0187768081487308 0.0226290115972221 0
 115 0.0187570450144775 0.0226461397749828 0
 116 0.0187804964087001 0.0227792518707771 0
 117 0.018767025248098 0.0229484984324315 0
 118 0.0187794757208331 0.0229450579940392 0
 119 0.0187735874859382 0.0228552871477582 0
 120 0.018779875272152 0.0227336091985755 0
 121 0.0187599852934407 0.0225842021084618 0
 122 0.0187651791116329 0.0227083316034754 0
 123 0.0187817611892724 0.0228416648690624 0
 124 0.0187649121624985 0.0227627938357425 0
 125 0.0187792609401897 0.0230132584140332 0
 126 0.0187843912489146 0.0228003160678625 0
 127 0.0187659134834675 0.0228653183412338 0
 128 0.0187821425950292 0.0226695361176321 0
 129 0.0187802282382298 0.0227621659369705 0
 130 0.0187834141801873 0.02262882551435 0
 131 0.0187804711095992 0.023141154952555 0
 132 0.0187708761202198 0.0229376052528186 0
 133 0.0187688853426877 0.0227371964434363 0
 134 0.0187683739518949 0.0227647700498091 0
 135 0.0187715895548673 0.0226186991846968 0
 136 0.0187702731292337 0.0230053072988914 0
 137 0.0187738692655801 0.0228989396409497 0
 138 0.0187714360154959 0.0228016783481006 0
 139 0.0187678758213205 0.0226834240793779 0
 140 0.0187935076490942 0.023131264630447 0
 141 0.0187817706110066 0.0230905955728717 0
 142 0.0187580494760246 0.0226980595147245 0
 143 0.0187764513441688 0.0226987750435169 0
 144 0.0187801500727316 0.0226876479511004 0
 145 0.0187542669987137 0.0228637272104841 0
 146 0.0187902445884979 0.0229019208072627 0
 147 0.0187759348935558 0.0225813728109093 0
 148 0.0187876002217779 0.0230483840872873 0
 149 0.0187667188672613 0.0227438645293942 0
 150 0.0187738219824328 0.022897551700128 0
 151 0.0187770958605758 0.022846254971428 0
 152 0.0187799536121268 0.022648781418607 0
 153 0.0187614399045086 0.0227752451539261 0
 154 0.01877156914111 0.0230282562396634 0
 155 0.0187651571275866 0.0226236537720877 0
 156 0.0187607365895014 0.0229337418512001 0
 157 0.0187736112147502 0.0228693383247812 0
 158 0.0187788270169888 0.0229083061031149 0
 159 0.0187686747494817 0.0223960183851785 0
 160 0.0187631113899386 0.0228360446775521 0
 161 0.0187687511702143 0.0226814237757838 0
 162 0.0187685376109067 0.0230625735172509 0
 163 0.018766555382726 0.0227781049997925 0
 164 0.0187758406762142 0.0230089168876618 0
 165 0.0187713742507942 0.0228729655442927 0
 166 0.0187759567031256 0.0227175769197557 0
 167 0.0187670768931593 0.0225968011059229 0
 168 0.0187734554071835 0.0229197149382665 0
 169 0.0187716986027163 0.0228216881919519 0
 170 0.0187649856171296 0.0229995699764175 0
 171 0.0187577928210071 0.0226903883966998 0
 172 0.0187748641309165 0.0229862687168603 0
 173 0.0187712180942743 0.0230139907007578 0
 174 0.0187644878355083 0.022961157130026 0
 175 0.0187737726055668 0.0226089862173711 0
 176 0.0187659260457797 0.0227373233498603 0
 177 0.0187770904518024 0.0229207385686248 0
 178 0.0187801314037398 0.0228538763393414 0
 179 0.0187626912503858 0.0226689206127475 0
 180 0.0187779502722825 0.0227004077199735 0
 181 0.0187537104184922 0.0223918210468487 0
 182 0.0187745600182751 0.022688102684573 0
 183 0.0187684814294549 0.0226767591355322 0
 184 0.0187817062291565 0.0227516250230573 0
 185 0.018768210292883 0.0228276370833198 0
 186 0.0187808387317078 0.0226037366205489 0
 187 0.0187732050333221 0.022766943169579 0
 188 0.0187709600434444 0.022449108561747 0
 189 0.0187709970324748 0.0225651083649039 0
 190 0.0187713180693423 0.0224403975791173 0
 191 0.0187748166732926 0.0228484385649055 0
 192 0.018777402415889 0.0226396462508185 0
 193 0.0187815354166058 0.0227077054503213 0
 194 0.0187820656508669 0.0225558843451624 0
 195 0.0187794099431706 0.0226223234366578 0
 196 0.0187777276401939 0.022556872190353 0
 197 0.0187659316290296 0.0227200871183493 0
 198 0.0187838228042872 0.022717835620334 0
 199 0.0187616140321139 0.022497578087636 0
 200 0.0187929868365672 0.0226809103895485 0
 201 0.0187741827999557 0.0225615349104248 0
 202 0.0187902377839121 0.0225737664553102 0
 203 0.0187705004721894 0.0227556792207162 0
 204 0.0187839158002928 0.0228418064386771 0
 205 0.0187767334727638 0.0226403291365555 0
 206 0.0187757928696372 0.0228548699450712 0
 207 0.0187697919228855 0.0227234025704972 0
 208 0.0187664519181269 0.0227363067019737 0
 209 0.0187773090709302 0.0226206362969216 0
 210 0.0187741062047465 0.0224936787262881 0
 211 0.0187692683187335 0.0229009128874658 0
 212 0.0187723883085519 0.0227301321022066 0
 213 0.0187653647546911 0.0227110593060639 0
 214 0.0187661621125633 0.0226183184654247 0
 215 0.018775204534682 0.0224863619687047 0
 216 0.0187722614640939 0.0227763733467988 0
 217 0.0187618677210299 0.0227104251230674 0
 218 0.0187765617878303 0.0225697028313144 0
 219 0.018763117147665 0.0227491532280583 0
 220 0.0187688277654234 0.0226242856857809 0
 221 0.0187712027403372 0.0226429934732129 0
 222 0.0187779984278127 0.0228057889292189 0
 223 0.0187731219824803 0.0226275964247605 0
 224 0.0187781345195283 0.022815741046202 0
 225 0.0187621536881092 0.0226862865436712 0
 226 0.0187635737528185 0.0227345865700585 0
 227 0.018770970860991 0.0223974651533248 0
 228 0.0187844060794221 0.0226589379474505 0
 229 0.0187740526404431 0.0228892882939372 0
 230 0.018784540077419 0.0228473400475377 0
 231 0.0187781015434587 0.0227044678527334 0
 232 0.0187769810550003 0.022883776330739 0
 233 0.0187790002722113 0.0227938091024401 0
 234 0.0187733475806704 0.0227186207992821 0
 235 0.0187752010451509 0.0228079505279104 0
 236 0.0187879800572456 0.0225928886524405 0
 237 0.0187787136072258 0.022756889457632 0
 238 0.0187713821022393 0.0227135352905459 0
 239 0.018779440999998 0.0227307552878101 0
 240 0.0187726119874999 0.0227648824676042 0
 241 0.0187635491516238 0.0230230120542568 0
 242 0.0187854018171413 0.0224533319097841 0
 243 0.0187820815282338 0.0227198242282879 0
 244 0.0187886155008715 0.0228082134179717 0
 245 0.0187821586468726 0.0224804368177408 0
 246 0.0187906176193799 0.0230495260705418 0
 247 0.0187964037854881 0.0229200104713832 0
 248 0.0188021735507998 0.0227028931307923 0
 249 0.0187945522402497 0.0227839060373211 0
 250 0.0188146399009018 0.0226601576107032 0
 251 0.0188323218787658 0.0227613488132141 0
 252 0.0188446573714489 0.0226799789278173 0
 253 0.0188727802010478 0.0226090153691906 0
 254 0.018960539641758 0.0228769120373249 0
 255 0.0194170591272582 0.0242999682332298 0
[END] of [DATA]
[END] of [Spectrum]

