!FRM4SOC_CP
!RADCAL
# radiometric calibration coefs & linearity, lamp and panel data

# comments start with # (ignored by the processor)
# no empty lines between the parameter signatures in [] and the parameter values
# parameters are case insensitive
# parameters can be inserted in any order, except the first two signatures
# columns are tab- or space-delimited

[VERSION]
0.1

[CALDATE]
2024-12-06 11:41:10

[CALLAB]
Tartu Observatory

[USER]
Riho Vendt

[LAMP_ID]
TO_7

[PANEL_ID]
SG3151/1

[DEVICE]
SAM_874F

# Correlated color temperature (K)
[LAMP_CCT]
2972.0

# wavelength (nm)	bandwidth (nm)	irradiane (mW/m2/nm)	uncertainty (%, k=2)
[LAMPDATA]
300.00	0.00	1.3604	2.49
310.00	0.00	1.9234	2.12
320.00	0.00	2.6430	1.94
330.00	0.00	3.5404	1.94
340.00	0.00	4.6356	1.93
350.00	0.00	5.9788	1.93
360.00	0.00	7.5784	1.92
370.00	0.00	9.4629	1.92
380.00	0.00	11.6366	1.92
390.00	0.00	14.0948	1.84
400.00	0.00	16.7816	1.77
410.00	0.00	19.8141	1.69
420.00	0.00	23.1562	1.62
430.00	0.00	26.7970	1.55
440.00	0.00	30.7298	1.48
450.00	0.00	34.9416	1.47
460.00	0.00	39.3770	1.47
470.00	0.00	44.0540	1.47
480.00	0.00	48.9533	1.47
490.00	0.00	54.0532	1.47
500.00	0.00	59.3174	1.47
510.00	0.00	64.7239	1.46
520.00	0.00	70.2535	1.46
530.00	0.00	75.8797	1.46
540.00	0.00	81.5759	1.46
550.00	0.00	87.3132	1.46
560.00	0.00	93.0239	1.46
570.00	0.00	98.7221	1.46
580.00	0.00	104.3841	1.46
590.00	0.00	109.9883	1.45
600.00	0.00	115.5141	1.45
610.00	0.00	120.8935	1.45
620.00	0.00	126.1573	1.45
630.00	0.00	131.2920	1.45
640.00	0.00	136.2867	1.45
650.00	0.00	141.1323	1.45
660.00	0.00	145.8222	1.45
670.00	0.00	150.3514	1.45
680.00	0.00	154.7167	1.45
690.00	0.00	158.9163	1.45
700.00	0.00	162.9496	1.45
710.00	0.00	166.8169	1.44
720.00	0.00	170.4612	1.44
730.00	0.00	173.9326	1.44
740.00	0.00	177.2388	1.44
750.00	0.00	180.3809	1.44
760.00	0.00	183.3590	1.44
770.00	0.00	186.1729	1.44
780.00	0.00	188.8210	1.44
790.00	0.00	191.3006	1.44
800.00	0.00	193.6020	1.44
810.00	0.00	195.6782	1.44
820.00	0.00	197.5690	1.44
830.00	0.00	199.2668	1.44
840.00	0.00	200.7627	1.44
850.00	0.00	202.0565	1.44
860.00	0.00	203.1286	1.44
870.00	0.00	203.9685	1.44
880.00	0.00	204.5657	1.44
890.00	0.00	204.8740	1.44
900.00	0.00	204.9217	3.13
910.00	0.00	204.2705	3.13
920.00	0.00	204.4478	3.13
930.00	0.00	204.5009	3.13
940.00	0.00	204.4360	3.13
950.00	0.00	204.2791	3.13
960.00	0.00	204.0136	3.13
970.00	0.00	203.6444	3.13
980.00	0.00	203.1767	3.13
990.00	0.00	202.1724	3.13
1000.00	0.00	201.0806	3.13
[END_OF_LAMPDATA]

[AMBIENT_TEMP]
21.0

# pixel no	wavelength (nm)	irradiane responsivity (unit depends on the device class)	uncertainty (%, k=2)	dark1	dark2 (content depends on the instrument class)	raw1	stdev1	raw2	stdev2
[CALDATA]
0	302.17	5	0.00	12	0.000000	128	0.00	64	0.00
1	305.49	0.111047	4.15	0.020696	0.019888	192.57	1.00	190.17	1.38
2	308.81	0.112426	3.97	0.020628	0.020007	209.92	0.91	211.37	1.54
3	312.13	0.114243	3.67	0.020589	0.019977	232.02	0.87	236.67	1.54
4	315.45	0.110395	3.45	0.020576	0.020144	260.72	0.95	260.07	1.49
5	318.78	0.116396	3.48	0.020598	0.020421	297.72	0.97	300.57	1.87
6	322.10	0.120644	3.08	0.020605	0.020277	342.27	0.88	345.07	1.65
7	325.42	0.125717	2.86	0.020606	0.020396	397.87	0.78	398.87	1.57
8	328.75	0.136751	2.92	0.020609	0.020209	471.77	0.85	475.17	2.07
9	332.07	0.146324	2.63	0.020607	0.020201	560.97	0.86	561.47	1.64
10	335.40	0.159477	2.54	0.020599	0.020167	671.42	0.82	670.97	1.67
11	338.73	0.176810	2.48	0.020580	0.020245	806.82	0.83	809.37	1.85
12	342.05	0.192509	2.42	0.020604	0.020255	960.17	0.80	962.27	1.65
13	345.38	0.206598	2.45	0.020604	0.020152	1123.82	0.85	1125.57	2.30
14	348.71	0.217305	2.33	0.020604	0.020263	1283.32	0.76	1286.07	1.52
15	352.04	0.221734	2.35	0.020594	0.020312	1421.12	0.98	1423.97	1.87
16	355.37	0.220927	2.36	0.020605	0.020294	1533.77	0.85	1536.67	2.22
17	358.70	0.214796	2.30	0.020604	0.020019	1609.27	0.90	1613.57	1.73
18	362.03	0.205662	2.30	0.020597	0.020097	1665.12	1.04	1668.47	1.49
19	365.36	0.196376	2.29	0.020606	0.020068	1713.02	0.93	1716.57	1.59
20	368.70	0.189601	2.29	0.020601	0.020027	1776.37	0.83	1781.37	1.90
21	372.03	0.184881	2.29	0.020600	0.020109	1862.27	0.86	1866.37	2.01
22	375.36	0.184287	2.27	0.020610	0.020300	1983.77	1.01	1991.27	1.79
23	378.70	0.185632	2.25	0.020605	0.020275	2141.47	0.84	2148.17	1.71
24	382.03	0.190000	2.24	0.020589	0.020074	2344.52	0.89	2350.47	1.85
25	385.37	0.196796	2.20	0.020617	0.020051	2593.22	0.93	2598.27	1.55
26	388.70	0.206750	2.17	0.020607	0.020345	2898.92	0.90	2905.87	1.82
27	392.04	0.219261	2.15	0.020602	0.020224	3269.92	0.94	3276.17	1.94
28	395.37	0.233860	2.12	0.020586	0.020066	3701.12	1.00	3706.97	1.81
29	398.71	0.250219	2.09	0.020595	0.020156	4187.07	0.83	4197.07	2.10
30	402.05	0.267174	2.07	0.020593	0.020232	4738.02	1.03	4746.27	2.11
31	405.39	0.286081	2.05	0.020608	0.020024	5367.67	1.07	5375.77	2.44
32	408.72	0.305285	2.01	0.020611	0.019973	6051.72	1.14	6059.87	2.22
33	412.06	0.324534	1.99	0.020604	0.020299	6772.17	1.25	6788.97	2.40
34	415.40	0.340988	1.97	0.020599	0.020009	7504.52	1.40	7520.37	1.97
35	418.74	0.354470	1.94	0.020602	0.019975	8212.67	1.10	8229.67	2.09
36	422.08	0.363896	1.92	0.020591	0.020123	8870.07	1.24	8886.17	1.75
37	425.42	0.369556	1.90	0.020613	0.020210	9457.22	1.16	9476.87	2.25
38	428.76	0.371115	1.87	0.020586	0.020121	9957.72	1.02	9982.07	1.81
39	432.10	0.368804	1.85	0.020607	0.020145	10378.12	1.34	10400.97	1.92
40	435.45	0.364319	1.83	0.020605	0.020155	10732.17	1.53	10757.67	2.51
41	438.79	0.357661	1.81	0.020610	0.020026	11015.72	1.26	11045.17	2.24
42	442.13	0.349463	1.80	0.020613	0.020101	11257.82	1.29	11283.77	1.96
43	445.47	0.340867	1.79	0.020625	0.020257	11461.22	1.26	11490.27	2.08
44	448.82	0.332089	1.79	0.020614	0.020140	11643.67	1.43	11675.77	2.21
45	452.16	0.323990	1.79	0.020600	0.019990	11851.82	1.15	11877.57	1.92
46	455.50	0.317848	1.79	0.020606	0.020048	12095.97	1.34	12126.67	1.93
47	458.85	0.313200	1.78	0.020603	0.020135	12400.92	1.04	12430.87	1.57
48	462.19	0.310866	1.78	0.020604	0.020144	12782.22	1.21	12818.47	1.92
49	465.54	0.310156	1.78	0.020608	0.020154	13248.37	1.49	13283.97	2.29
50	468.88	0.311324	1.78	0.020591	0.020229	13792.57	1.11	13833.07	1.86
51	472.22	0.313403	1.78	0.020616	0.020059	14395.57	1.36	14438.77	2.33
52	475.57	0.315411	1.77	0.020614	0.020211	15009.17	1.34	15055.47	1.98
53	478.91	0.316772	1.77	0.020617	0.020265	15601.57	1.45	15652.47	2.29
54	482.26	0.318273	1.77	0.020622	0.020049	16219.02	1.63	16271.87	1.98
55	485.61	0.320528	1.77	0.020611	0.020164	16880.32	1.45	16939.37	2.64
56	488.95	0.323741	1.77	0.020619	0.020131	17621.37	1.59	17680.17	2.69
57	492.30	0.328558	1.76	0.020591	0.020404	18456.47	1.73	18522.17	2.26
58	495.64	0.334518	1.76	0.020609	0.020334	19379.22	1.71	19452.97	2.51
59	498.99	0.341618	1.76	0.020622	0.020537	20398.67	1.52	20480.07	2.21
60	502.34	0.350086	1.76	0.020626	0.020477	21536.87	2.01	21624.87	2.32
61	505.68	0.359579	1.76	0.020608	0.020347	22767.72	1.91	22867.07	2.54
62	509.03	0.369883	1.76	0.020603	0.020238	24093.72	2.03	24203.67	2.87
63	512.38	0.380735	1.76	0.020607	0.020062	25489.77	1.74	25615.97	2.93
64	515.72	0.391102	1.76	0.020621	0.019918	26897.27	2.12	27040.17	3.13
65	519.07	0.400821	1.75	0.020612	0.020104	28310.97	2.28	28466.27	2.42
66	522.42	0.409768	1.75	0.020628	0.020096	29694.47	2.17	29869.97	2.56
67	525.76	0.417227	1.75	0.020619	0.020274	31010.67	2.37	31203.37	2.72
68	529.11	0.422748	1.75	0.020621	0.020153	32206.52	2.32	32417.97	2.54
69	532.46	0.425873	1.75	0.020625	0.020483	33244.72	2.27	33471.57	2.60
70	535.80	0.425727	1.75	0.020628	0.020221	34037.62	2.59	34277.57	3.18
71	539.15	0.422733	1.75	0.020612	0.020259	34600.22	2.82	34851.07	3.39
72	542.50	0.417028	1.75	0.020607	0.020221	34926.17	2.21	35186.27	2.79
73	545.85	0.408920	1.75	0.020618	0.020069	35040.07	2.59	35300.57	3.28
74	549.19	0.399828	1.75	0.020629	0.020241	35025.02	2.41	35291.27	3.02
75	552.54	0.390024	1.75	0.020632	0.020206	34924.47	2.28	35187.37	2.17
76	555.89	0.379841	1.75	0.020630	0.020331	34752.07	2.90	35010.17	2.95
77	559.23	0.369963	1.74	0.020612	0.020225	34547.12	2.44	34811.07	2.67
78	562.58	0.360163	1.74	0.020613	0.020392	34332.92	2.67	34591.67	3.09
79	565.93	0.350744	1.74	0.020610	0.020123	34104.42	2.84	34364.37	2.99
80	569.27	0.341769	1.74	0.020599	0.020375	33887.67	1.98	34146.27	2.41
81	572.62	0.333154	1.74	0.020619	0.020180	33670.07	2.70	33928.07	2.81
82	575.97	0.324491	1.74	0.020630	0.020254	33411.67	2.91	33669.47	3.25
83	579.31	0.316035	1.74	0.020630	0.020346	33141.27	2.64	33398.07	2.85
84	582.66	0.307386	1.74	0.020627	0.020184	32815.82	2.08	33071.37	2.76
85	586.00	0.298794	1.74	0.020624	0.020360	32462.72	2.14	32716.17	3.26
86	589.35	0.291323	1.74	0.020634	0.020523	32195.87	2.30	32449.27	2.87
87	592.70	0.285998	1.74	0.020632	0.020280	32140.17	2.21	32394.97	2.51
88	596.04	0.282779	1.74	0.020634	0.020243	32300.97	2.51	32559.57	3.06
89	599.39	0.281085	1.74	0.020636	0.020180	32616.42	2.29	32883.87	2.77
90	602.73	0.279940	1.74	0.020630	0.020039	32991.67	2.16	33264.37	2.88
91	606.08	0.279534	1.74	0.020623	0.020432	33435.37	2.41	33719.77	3.05
92	609.42	0.279697	1.74	0.020625	0.020158	33935.02	2.40	34235.67	2.75
93	612.77	0.279094	1.74	0.020636	0.020229	34350.12	2.47	34659.87	3.04
94	616.11	0.277750	1.74	0.020639	0.020345	34664.32	2.65	34983.47	2.71
95	619.45	0.275104	1.74	0.020625	0.020461	34813.57	2.06	35136.17	2.74
96	622.80	0.271073	1.74	0.020630	0.020424	34773.67	2.63	35097.17	3.33
97	626.14	0.266088	1.74	0.020628	0.020323	34594.12	2.28	34915.97	2.96
98	629.48	0.260895	1.74	0.020636	0.020327	34367.67	2.09	34686.37	3.31
99	632.83	0.255678	1.74	0.020638	0.020386	34116.22	2.14	34431.77	2.93
100	636.17	0.251415	1.74	0.020629	0.020117	33979.97	2.64	34289.17	3.24
101	639.51	0.248407	1.74	0.020632	0.020196	33975.07	2.44	34290.17	3.25
102	642.85	0.245803	1.74	0.020627	0.020446	34034.27	2.63	34344.77	2.83
103	646.19	0.244223	1.74	0.020633	0.019991	34208.67	2.37	34523.37	3.08
104	649.53	0.242960	1.74	0.020638	0.020446	34415.42	2.37	34736.07	3.23
105	652.88	0.241146	1.74	0.020643	0.020184	34536.87	2.56	34862.07	3.02
106	656.22	0.238160	1.75	0.020628	0.020296	34481.52	2.17	34807.87	3.78
107	659.56	0.235214	1.75	0.020657	0.020533	34423.57	2.23	34748.17	2.16
108	662.89	0.233307	1.75	0.020640	0.020439	34494.82	2.50	34824.97	2.54
109	666.23	0.232146	1.75	0.020636	0.020312	34679.02	2.62	35009.67	3.57
110	669.57	0.231605	1.75	0.020645	0.020310	34924.02	2.35	35268.17	2.90
111	672.91	0.231064	1.75	0.020662	0.020243	35194.22	2.31	35536.77	2.80
112	676.25	0.230965	1.75	0.020636	0.020205	35501.72	2.10	35855.47	3.04
113	679.59	0.230692	1.75	0.020622	0.020214	35787.87	2.72	36146.97	3.01
114	682.92	0.230305	1.75	0.020633	0.020412	36046.12	2.20	36413.47	3.00
115	686.26	0.229806	1.75	0.020629	0.020190	36289.32	2.93	36660.37	3.17
116	689.59	0.229044	1.75	0.020635	0.020492	36475.92	2.33	36854.37	2.87
117	692.93	0.227885	1.75	0.020651	0.020171	36597.62	2.75	36980.67	3.59
118	696.26	0.226536	1.75	0.020638	0.020262	36696.37	2.43	37075.77	2.83
119	699.60	0.225125	1.76	0.020644	0.020285	36754.07	2.76	37140.77	3.32
120	702.93	0.223564	1.76	0.020636	0.020404	36780.97	2.90	37174.37	2.70
121	706.26	0.221994	1.76	0.020632	0.020233	36805.42	2.92	37201.47	2.83
122	709.60	0.220444	1.76	0.020624	0.020256	36833.77	3.00	37227.67	3.68
123	712.93	0.218966	1.76	0.020637	0.020142	36857.77	2.28	37252.57	3.10
124	716.26	0.217733	1.76	0.020640	0.020334	36907.97	3.04	37307.37	3.01
125	719.59	0.216386	1.76	0.020634	0.020249	36934.97	2.69	37336.47	3.36
126	722.92	0.214947	1.76	0.020639	0.020091	36951.12	2.93	37348.97	2.38
127	726.25	0.213585	1.77	0.020640	0.020088	36944.52	2.67	37352.77	2.75
128	729.58	0.211681	1.77	0.020645	0.020158	36866.12	2.62	37268.37	3.07
129	732.91	0.209417	1.77	0.020615	0.020216	36709.37	2.25	37109.07	2.96
130	736.24	0.206883	1.77	0.020642	0.020223	36493.32	2.71	36890.97	3.24
131	739.56	0.203884	1.77	0.020661	0.020381	36181.87	2.68	36577.77	2.71
132	742.89	0.200593	1.77	0.020644	0.020360	35821.97	2.43	36209.17	3.32
133	746.21	0.197123	1.78	0.020651	0.020262	35415.92	2.78	35795.37	2.95
134	749.54	0.193724	1.78	0.020636	0.020185	35005.72	2.64	35380.07	3.32
135	752.86	0.190288	1.78	0.020638	0.020335	34583.07	2.73	34950.37	2.72
136	756.19	0.187000	1.78	0.020655	0.020436	34179.67	2.18	34538.67	3.01
137	759.51	0.183813	1.78	0.020653	0.020358	33768.22	2.59	34126.87	2.94
138	762.83	0.180702	1.79	0.020646	0.020345	33380.97	2.19	33730.07	2.69
139	766.15	0.177625	1.79	0.020654	0.020250	32995.02	2.47	33332.27	2.42
140	769.47	0.174570	1.79	0.020650	0.020413	32588.82	2.64	32921.47	3.24
141	772.79	0.171382	1.79	0.020656	0.020331	32145.42	2.26	32475.27	2.58
142	776.11	0.167867	1.80	0.020643	0.020116	31648.62	2.17	31966.37	2.95
143	779.43	0.163815	1.80	0.020650	0.020428	31031.82	1.96	31340.47	2.73
144	782.75	0.159298	1.80	0.020653	0.020427	30320.62	2.54	30617.57	2.94
145	786.06	0.154097	1.80	0.020655	0.020529	29473.82	2.00	29754.67	2.36
146	789.38	0.148422	1.81	0.020626	0.020294	28522.37	2.15	28786.97	2.17
147	792.69	0.142512	1.81	0.020645	0.020287	27511.67	1.93	27760.67	2.49
148	796.01	0.136387	1.81	0.020632	0.020285	26453.02	2.24	26682.97	2.29
149	799.32	0.130336	1.82	0.020644	0.020593	25382.67	2.07	25600.57	2.62
150	802.63	0.124414	1.82	0.020651	0.020290	24341.02	2.10	24538.77	2.32
151	805.94	0.118864	1.82	0.020667	0.020099	23349.82	1.89	23533.47	2.87
152	809.25	0.113646	1.82	0.020626	0.020388	22404.77	1.83	22579.47	2.06
153	812.56	0.108803	1.83	0.020649	0.020264	21527.42	1.71	21692.17	2.30
154	815.87	0.104297	1.83	0.020652	0.020240	20711.07	1.43	20865.07	2.43
155	819.18	0.100089	1.84	0.020648	0.020445	19947.92	1.64	20090.77	2.19
156	822.49	0.096193	1.84	0.020645	0.020465	19237.32	1.50	19370.57	2.19
157	825.79	0.092466	1.84	0.020633	0.020670	18550.47	1.73	18676.07	2.00
158	829.10	0.088940	1.85	0.020647	0.020281	17894.62	1.42	18014.57	1.94
159	832.40	0.085548	1.85	0.020660	0.020338	17269.82	1.39	17379.17	2.30
160	835.70	0.082254	1.86	0.020653	0.020565	16646.62	1.47	16751.97	2.25
161	839.00	0.078960	1.86	0.020642	0.020428	16025.32	1.52	16123.17	1.81
162	842.30	0.075763	1.86	0.020640	0.020513	15414.67	1.26	15507.07	2.49
163	845.60	0.072599	1.87	0.020654	0.020414	14803.22	1.26	14891.77	2.34
164	848.90	0.069524	1.87	0.020646	0.020128	14211.22	1.42	14293.17	1.63
165	852.20	0.066564	1.88	0.020652	0.020594	13637.37	1.39	13713.37	1.42
166	855.50	0.063698	1.88	0.020639	0.020368	13078.17	1.22	13148.67	2.14
167	858.79	0.061018	1.89	0.020638	0.020199	12548.22	1.10	12616.27	2.10
168	862.09	0.058467	1.89	0.020655	0.020459	12050.52	1.32	12111.47	1.85
169	865.38	0.056073	1.90	0.020650	0.020504	11575.57	1.17	11632.97	2.15
170	868.67	0.053892	1.90	0.020659	0.020324	11137.97	1.11	11194.17	1.73
171	871.96	0.051839	1.91	0.020653	0.020259	10732.12	1.10	10783.07	1.61
172	875.25	0.049962	1.92	0.020640	0.020253	10351.87	1.12	10402.07	1.97
173	878.54	0.048199	1.92	0.020650	0.020272	10002.92	1.08	10047.77	1.78
174	881.83	0.046627	1.93	0.020657	0.020411	9682.12	1.27	9726.27	2.19
175	885.11	0.045117	1.94	0.020661	0.020655	9373.67	1.23	9416.27	2.23
176	888.40	0.043665	1.94	0.020620	0.020346	9083.07	1.24	9120.87	2.04
177	891.68	0.042301	2.17	0.020650	0.020599	8798.92	0.79	8836.97	2.08
178	894.97	0.040956	2.64	0.020637	0.020711	8519.77	1.09	8556.77	2.04
179	898.25	0.039638	3.13	0.020655	0.020680	8247.97	1.08	8282.77	1.82
180	901.53	0.038327	3.41	0.020644	0.020255	7974.37	1.26	8006.67	1.76
181	904.81	0.036997	3.41	0.020654	0.020377	7693.57	1.20	7722.87	1.62
182	908.09	0.035712	3.42	0.020643	0.020412	7414.92	1.34	7444.87	1.69
183	911.36	0.034396	3.42	0.020652	0.020502	7136.12	1.08	7165.97	1.83
184	914.64	0.033028	3.43	0.020648	0.020413	6859.22	0.91	6885.57	1.71
185	917.91	0.031751	3.43	0.020664	0.020778	6593.32	1.08	6619.77	2.04
186	921.18	0.030496	3.44	0.020619	0.020388	6329.72	0.99	6357.27	1.90
187	924.46	0.029262	3.44	0.020638	0.020370	6077.12	0.87	6102.17	1.69
188	927.73	0.028034	3.45	0.020632	0.020295	5825.72	1.06	5848.07	1.65
189	931.00	0.026815	3.45	0.020650	0.020337	5572.82	1.00	5593.97	1.77
190	934.26	0.025585	3.46	0.020631	0.020371	5309.92	0.79	5333.67	1.65
191	937.53	0.024234	3.47	0.020662	0.020300	5042.42	1.08	5058.17	1.97
192	940.79	0.023021	3.47	0.020636	0.020370	4782.87	0.92	4800.97	1.84
193	944.06	0.021890	3.48	0.020648	0.020455	4550.47	0.93	4565.87	1.65
194	947.32	0.020916	3.48	0.020627	0.020542	4349.27	1.11	4362.77	1.95
195	950.58	0.020052	3.49	0.020649	0.020443	4163.17	0.85	4178.67	1.70
196	953.84	0.019223	3.50	0.020633	0.020507	3987.12	1.02	4003.17	1.36
197	957.10	0.018406	3.50	0.020665	0.020484	3821.27	0.91	3834.07	1.48
198	960.35	0.017655	3.51	0.020645	0.020295	3656.97	0.97	3672.47	1.80
199	963.61	0.016888	3.52	0.020653	0.020382	3502.12	1.09	3514.07	1.90
200	966.86	0.016189	3.52	0.020646	0.020691	3356.67	1.04	3367.37	1.28
201	970.12	0.015512	3.53	0.020642	0.020155	3218.47	0.91	3226.57	1.72
202	973.37	0.014882	3.54	0.020636	0.020429	3087.32	0.80	3094.17	1.66
203	976.62	0.014302	3.55	0.020665	0.020364	2958.67	0.86	2968.37	1.46
204	979.86	0.013665	3.56	0.020652	0.020479	2829.22	0.76	2836.17	1.42
205	983.11	0.013087	3.57	0.020639	0.020310	2700.52	0.99	2709.57	1.36
206	986.35	0.012436	3.58	0.020631	0.020146	2569.42	1.02	2574.37	1.86
207	989.60	0.011826	3.59	0.020649	0.020409	2434.92	0.99	2441.87	1.61
208	992.84	0.011203	3.60	0.020638	0.020230	2299.77	0.82	2307.77	1.87
209	996.08	0.000000	1.81	0.020651	0.020334	2162.72	0.71	2171.47	2.06
210	999.32	0.000000	1.81	0.020645	0.020291	2019.32	0.69	2025.47	1.56
211	1002.55	0.000000	1.84	0.020657	0.020337	1869.12	0.88	1876.47	1.58
212	1005.79	0.000000	1.86	0.020636	0.020234	1712.92	0.92	1722.97	1.55
213	1009.02	0.000000	1.88	0.020652	0.020406	1551.57	0.83	1553.67	1.40
214	1012.26	0.000000	1.94	0.020660	0.020377	1386.82	0.92	1391.67	1.82
215	1015.49	0.000000	1.95	0.020660	0.020248	1228.02	0.78	1229.87	1.43
216	1018.72	0.000000	2.01	0.020653	0.020296	1073.12	0.92	1078.07	1.63
217	1021.94	0.000000	2.06	0.020658	0.020379	925.32	0.71	931.47	1.66
218	1025.17	0.000000	2.12	0.020642	0.020371	791.07	0.85	794.87	1.58
219	1028.39	0.000000	2.22	0.020659	0.020396	665.27	0.83	668.07	1.67
220	1031.62	0.000000	2.28	0.020638	0.020586	553.27	0.90	557.47	1.48
221	1034.84	0.000000	2.43	0.020655	0.020447	453.67	0.59	456.97	1.53
222	1038.05	0.000000	2.59	0.020641	0.020326	366.17	0.67	367.57	1.44
223	1041.27	0.000000	2.95	0.020666	0.020285	290.22	0.80	292.67	1.51
224	1044.49	0.000000	4.04	0.020630	0.020181	223.52	0.73	223.77	1.90
225	1047.70	0.000000	4.01	0.020656	0.020502	168.72	0.93	171.37	1.41
226	1050.91	0.000000	5.93	0.020657	0.020274	125.87	0.66	124.57	1.67
227	1054.12	0.000000	7.15	0.020651	0.020316	91.37	0.77	93.97	1.60
228	1057.33	0.000000	9.73	0.020652	0.020431	64.72	0.83	65.17	1.50
229	1060.54	0.000000	15.67	0.020657	0.020411	46.77	0.75	47.87	1.86
230	1063.74	0.000000	16.91	0.020641	0.020283	33.62	0.71	34.87	1.47
231	1066.95	0.000000	24.71	0.020653	0.020175	25.72	0.80	25.87	1.55
232	1070.15	0.000000	49.00	0.020646	0.020259	21.62	0.68	17.67	1.64
233	1073.35	0.000000	62.11	0.020667	0.020036	16.07	0.73	13.97	1.80
234	1076.55	0.000000	49.96	0.020636	0.020243	11.92	0.82	12.07	1.47
235	1079.74	0.000000	73.40	0.020672	0.020280	7.32	0.76	7.87	1.50
236	1082.94	0.000000	167.73	0.020647	0.020445	5.67	1.03	4.67	1.45
237	1086.13	0.000000	171.19	0.020662	0.020208	3.72	0.78	4.07	1.85
238	1089.32	0.000000	111.23	0.020647	0.020235	3.02	0.89	4.47	1.58
239	1092.51	0.000000	244.53	0.020667	0.020339	2.77	0.82	2.87	1.76
240	1095.70	0.000000	360.81	0.020652	0.020294	1.42	0.86	1.67	1.67
241	1098.88	0.000000	525.17	0.020666	0.020243	-0.08	0.93	-0.53	1.21
242	1102.06	0.000000	131.94	0.020650	0.020172	1.57	0.77	3.27	1.59
243	1105.24	0.000000	620.02	0.020638	0.020337	0.22	0.88	-0.33	1.31
244	1108.42	0.000000	72.63	0.020659	0.020334	-0.03	0.84	-4.73	1.66
245	1111.60	0.000000	433.07	0.020659	0.020095	-0.38	0.88	-0.93	1.55
246	1114.77	0.000000	363.13	0.020661	0.020567	0.17	0.90	1.07	1.72
247	1117.95	0.000000	230.76	0.020667	0.020204	-0.78	0.82	1.07	1.63
248	1121.12	0.000000	134.25	0.020668	0.020487	-0.18	0.72	-2.73	1.74
249	1124.29	0.000000	449.97	0.020678	0.020265	-1.13	0.77	-1.43	1.92
250	1127.45	0.000000	180.69	0.020666	0.020170	-1.38	0.73	-2.63	1.72
251	1130.62	0.000000	422.75	0.020713	0.020191	-1.23	0.93	0.27	1.80
252	1133.78	0.000000	142.24	0.020703	0.020112	-1.48	0.80	-3.03	1.58
253	1136.94	0.000000	134.55	0.020755	0.020228	-3.48	0.98	0.87	1.68
254	1140.10	0.000000	205.13	0.020816	0.020152	-2.78	0.83	-3.23	1.85
255	1143.26	0.000000	245.31	0.021276	0.020970	-2.78	0.76	-2.63	1.48
[END_OF_CALDATA]
